catalog/all_nirspechighz_LRD_z2.ecsv
# %ECSV 1.0
# ---
# datatype:
# - {name: jname, datatype: string}
# - {name: ndup, datatype: int64}
# - {name: uid, datatype: int64}
# - {name: ra, datatype: float64}
# - {name: dec, datatype: float64}
# - {name: file, datatype: string}
# - {name: root, datatype: string}
# - {name: srcid, datatype: int64}
# - {name: nGr, datatype: int64}
# - {name: Grating, datatype: string}
# - {name: grade, datatype: int64}
# - {name: zfit, datatype: float64}
# - {name: z, datatype: float64}
# - {name: comment, datatype: string}
# - {name: References, datatype: string}
# - {name: nRef, datatype: int64}
# - {name: sn50, datatype: float64}
# - {name: wmin, datatype: float64}
# - {name: wmax, datatype: float64}
# - {name: Lya, datatype: float64}
# - {name: Ha, datatype: float64}
# - {name: OIII, datatype: float64}
# - {name: L_Ha, datatype: float64}
# - {name: L_OIII, datatype: float64}
# - {name: HST, datatype: int64}
# - {name: NIRCam, datatype: int64}
# - {name: slit, datatype: int64}
# - {name: FITS, datatype: string}
# - {name: Fnu, datatype: int64}
# - {name: Flam, datatype: int64}
# - {name: ID_1, datatype: int64}
# - {name: RA_1, datatype: float64}
# - {name: DEC_1, datatype: float64}
# - {name: X, datatype: float64}
# - {name: Y, datatype: float64}
# - {name: isoarea_SE, datatype: float64}
# - {name: class_starSE, datatype: float64}
# - {name: flags_SE, datatype: float64}
# - {name: r50_SE, datatype: float64}
# - {name: f_autoSE, datatype: float64}
# - {name: e_autoSE, datatype: float64}
# - {name: a_f001w, datatype: float64}
# - {name: ell_f001w, datatype: float64}
# - {name: theta_f001w, datatype: float64}
# - {name: rKron_f001w, datatype: float64}
# - {name: f_f435w, datatype: float64}
# - {name: f_f606w, datatype: float64}
# - {name: f_f775w, datatype: float64}
# - {name: f_f814w, datatype: float64}
# - {name: f_f105w, datatype: float64}
# - {name: f_f125w, datatype: float64}
# - {name: f_f140w, datatype: float64}
# - {name: f_f160w, datatype: float64}
# - {name: f_f090w, datatype: float64}
# - {name: f_f115w, datatype: float64}
# - {name: f_f150w, datatype: float64}
# - {name: f_f200w, datatype: float64}
# - {name: f_f277w, datatype: float64}
# - {name: f_f356w, datatype: float64}
# - {name: f_f410m, datatype: float64}
# - {name: f_f444w, datatype: float64}
# - {name: e_f435w, datatype: float64}
# - {name: e_f606w, datatype: float64}
# - {name: e_f775w, datatype: float64}
# - {name: e_f814w, datatype: float64}
# - {name: e_f105w, datatype: float64}
# - {name: e_f125w, datatype: float64}
# - {name: e_f140w, datatype: float64}
# - {name: e_f160w, datatype: float64}
# - {name: e_f090w, datatype: float64}
# - {name: e_f115w, datatype: float64}
# - {name: e_f150w, datatype: float64}
# - {name: e_f200w, datatype: float64}
# - {name: e_f277w, datatype: float64}
# - {name: e_f356w, datatype: float64}
# - {name: e_f410m, datatype: float64}
# - {name: e_f444w, datatype: float64}
# - {name: apopt, datatype: float64}
# - {name: flag_1, datatype: int64}
# - {name: ID_2, datatype: int64}
# - {name: RA_2, datatype: float64}
# - {name: DEC_2, datatype: float64}
# - {name: zspec, datatype: float64}
# - {name: zphot, datatype: float64}
# - {name: EAzY_eazy_v13, datatype: float64}
# - {name: EAzY_Larson, datatype: float64}
# - {name: EAzY_LarsonLyaRed, datatype: float64}
# - {name: flag_2, datatype: int64}
# - {name: Separation_2, datatype: float64}
# - {name: GroupID, datatype: int64}
# - {name: GroupSize, datatype: int64}
# - {name: Separation, datatype: float64}
# - {name: beta_UV, datatype: float64}
# - {name: beta_opt, datatype: float64}
# - {name: beta_277356, datatype: float64}
# - {name: beta_277410, datatype: float64}
# - {name: F115_mag, datatype: float64}
# - {name: F150_mag, datatype: float64}
# - {name: F200_mag, datatype: float64}
# - {name: F277_mag, datatype: float64}
# - {name: F356_mag, datatype: float64}
# - {name: F410_mag, datatype: float64}
# - {name: F444_mag, datatype: float64}
# - {name: method, datatype: string}
# - {name: compact, datatype: bool}
# schema: astropy-2.0
jname ndup uid ra dec file root srcid nGr Grating grade zfit z comment References nRef sn50 wmin wmax Lya Ha OIII L_Ha L_OIII HST NIRCam slit FITS Fnu Flam ID_1 RA_1 DEC_1 X Y isoarea_SE class_starSE flags_SE r50_SE f_autoSE e_autoSE a_f001w ell_f001w theta_f001w rKron_f001w f_f435w f_f606w f_f775w f_f814w f_f105w f_f125w f_f140w f_f160w f_f090w f_f115w f_f150w f_f200w f_f277w f_f356w f_f410m f_f444w e_f435w e_f606w e_f775w e_f814w e_f105w e_f125w e_f140w e_f160w e_f090w e_f115w e_f150w e_f200w e_f277w e_f356w e_f410m e_f444w apopt flag_1 ID_2 RA_2 DEC_2 zspec zphot EAzY_eazy_v13 EAzY_Larson EAzY_LarsonLyaRed flag_2 Separation_2 GroupID GroupSize Separation beta_UV beta_opt beta_277356 beta_277410 F115_mag F150_mag F200_mag F277_mag F356_mag F410_mag F444_mag method compact
[from data line 35]
j141953.39p525743.89 2 9793 214.972441 52.962192 rubies-egs61-nod-v3_prism-clear_4233_61496.spec.fits rubies-egs61-nod-v3 61496 1 G395M 3 5.0759 5.077 "Redshift matches rubies-egs61-v3_g395m-f290lp_4233_61496 z=5.0778" "DKo24  z=5.080" 1 2.46 0.6 5.29 -2.6 34.2 "" 42.39 41.63 "" "" "" "FITS   zfit   spl" "" "" 64408 214.972438 52.962194 11528.275 11988.113 268.0 0.99 2.0 3.562 0.11135 0.00416 3.914941 0.245977 33.83807 31.319527 0.0 0.00513 0.0 0.00672 0.0 0.01244 0.0 -0.00043 0.0 0.00671 0.01059 0.01369 0.04931 0.09332 0.21469 0.17198 -99.0 0.00376 -99.0 0.00461 -99.0 0.01256 -99.0 0.01099 -99.0 0.00282 0.00344 0.00272 0.00279 0.00229 0.00477 0.00353 0.28 314 64408 214.972438 52.962194 5.077 5.077 5.077 5.077 5.077 314 0.0 3316 3 0.009703547130336547 -0.716894652228447 0.3427334860906539 0.3935019997746776 0.5118179844338495 29.333193699577517 28.837760099731284 28.558991379665024 27.167662493672154 26.475063174695713 25.570470460008142 25.81130513846762 Both True
j141948.20p525800.71 2 9849 214.950839 52.966865 rubies-egs61-nod-v3_prism-clear_4233_70130.spec.fits rubies-egs61-nod-v3 70130 1 G395M 3 2.9696 2.9696 "" - 0 1.44 0.6 5.29 "" 9.9 3.6 41.46 41.34 "" "" "" "FITS   zfit   spl" "" "" 64710 214.950837 52.966863 12113.748 13540.148 282.0 0.99 3.0 3.185 0.17596 0.00296 3.17382 0.094343 1.467687 25.390562 0.0 0.01182 0.0 0.0161 0.0 0.00619 0.0 0.02113 0.0 0.01375 0.00982 0.02992 0.09185 0.133 0.19153 0.22766 -99.0 0.00379 -99.0 0.00519 -99.0 0.00992 -99.0 0.00874 -99.0 0.0025 0.00299 0.00246 0.00229 0.00226 0.00389 0.00345 0.33 314 64710 214.950837 52.966863 -99.0 5.125 4.287 3.555 3.555 314 0.0 3343 2 0.00840501659328674 -1.7834987643294065 0.5791487015898636 0.697016272749829 0.655718101287026 28.554243254584296 28.919721280532624 27.71009602701894 26.49230209839543 26.090370897582282 25.694407978337242 25.5067831712147 Both True
j141954.13p525530.97 2 9887 214.975529 52.925268 rubies-egs61-nod-v3_prism-clear_4233_952625.spec.fits rubies-egs61-nod-v3 952625 1 G395M 3 5.1027 5.105 "Redshift matches rubies-egs61-v3_g395m-f290lp_4233_952625 z=5.1058" "DKo24  z=5.110" 1 1.19 0.6 5.29 -0.2 18.5 "" 41.88 41.87 "" "" "" "FITS   zfit   spl" "" "" 51295 214.975524 52.925267 14757.196 8945.151 78.0 0.95 0.0 2.298 0.02916 0.00175 1.87048 0.027973 -24.823563 14.963842 0.0 0.0011 0.0 0.00364 0.00153 0.00902 0.0 0.01439 0.0 0.00566 0.00574 0.00703 0.01461 0.02305 0.06421 0.06278 -99.0 0.00234 -99.0 0.00249 0.00603 0.00768 -99.0 0.00682 -99.0 0.00148 0.00217 0.00185 0.00161 0.00119 0.00287 0.00277 0.28 13 51295 214.975524 52.925267 5.105 5.105 5.105 5.105 5.105 13 0.0 3363 3 0.011432984302747331 -1.7589608773251315 1.4981365879707418 0.8098903393741206 1.470667447705353 29.51795892202932 29.502720269005064 29.28261168745044 28.488374460164255 27.99332267568583 26.880993325208763 26.90544672158994 Both True
j141925.44p525116.78 2 10031 214.85598 52.854661 rubies-egs62-nod-v3_prism-clear_4233_50522.spec.fits rubies-egs62-nod-v3 50522 1 G395M 3 3.6179 3.6178 "Redshift matches rubies-egs62-v3_g395m-f290lp_4233_50522 z=3.6139" - 0 6.36 2.71 5.29 "" 26.4 "" 42.15 "" "" "" "" "FITS   zfit   spl" "" "" 56333 214.855975 52.85466 26818.957 10051.047 2218.0 0.03 0.0 11.228 1.56358 0.00758 13.387508 0.514306 51.438853 107.100067 0.0 0.01121 0.0 0.04355 0.0 0.0168 0.0 0.09985 0.0 0.02437 0.10364 0.35761 0.95858 1.29194 1.70067 1.98686 -99.0 0.01363 -99.0 0.01361 -99.0 0.02394 -99.0 0.02069 -99.0 0.00874 0.01171 0.00945 0.00751 0.00701 0.0139 0.01038 1.32 14 56333 214.855975 52.85466 -99.0 3.7 3.656 3.47 3.586 14 0.0 1119 4 0.01144977540109745 -0.4325751309739168 0.2121350099464393 0.6405931687547972 0.39056944386563147 27.932861177038188 26.361181489215532 25.016475863364118 23.945929091136108 23.62189413820912 23.323449873056827 23.15458183369694 KOV24 False
j141922.74p525331.59 2 10150 214.84477 52.892109 rubies-egs62-nod-v3_prism-clear_4233_980841.spec.fits rubies-egs62-nod-v3 980841 1 G395M 3 8.6952 8.694 "Redshift matches rubies-egs62-v3_g395m-f290lp_4233_980841 z=8.6885" "ILa22  z=N/A ;  DKo24  z=8.690" 2 2.67 0.6 5.29 0.4 "" "" "" 43.11 "" "" "" "FITS   zfit   spl" "" "" 81363 214.844764 52.892102 23918.648 13577.48 298.0 0.81 0.0 4.829 0.12368 0.00406 4.238501 0.263403 -50.749516 33.908005 0.0 0.00561 0.0 -0.00569 0.0 0.03698 0.0 0.0692 0.0 0.01784 0.05861 0.05213 0.06839 0.0789 0.12058 0.21125 -99.0 0.0044 -99.0 0.0061 -99.0 0.01303 -99.0 0.01076 -99.0 0.00338 0.00416 0.00309 0.00311 0.00265 0.00489 0.00439 0.33 14 81363 214.844764 52.892102 8.694 8.694 8.694 8.694 8.694 14 0.0 3483 3 0.02837013082694265 -1.92676477793056 0.31077578528115657 -1.4302627415001403 -0.5538651526978889 28.271512874899738 26.98007069654595 27.10728068768245 26.812518490667422 26.657307491976447 26.196811801176665 25.588008205945673 KOV24 False
j123634.13p621704.55 5 10571 189.142218 62.284596 jades-gdn11-v3_prism-clear_1181_17858.spec.fits jades-gdn11-v3 17858 4 "G140M   G235M   G395H   G395M" 3 9.2132 9.21 "" - 0 1.43 0.6 5.29 0.8 "" "" "" 42.61 "" "" "" "FITS   zfit   spl" "" "" 50122 189.142197 62.284593 21357.051 19082.447 94.0 0.17 0.0 4.978 0.02861 0.00296 3.452355 0.452743 -41.429839 27.618843 -0.00494 0.0038 -0.00212 -0.00518 -0.00714 0.01169 0.02436 0.04351 -0.00109 0.00523 0.03013 0.035 0.03413 0.02921 0.02701 0.03887 0.0049 0.00489 0.00341 0.00327 0.00625 0.00562 0.0081 0.00782 0.00602 0.00436 0.00484 0.00446 0.00331 0.00287 0.0054 0.00384 0.28 0 50122 189.142197 62.284593 9.21 9.21 9.21 9.21 9.21 0 0.0 1827 3 0.036781373790406004 -1.9949049497418756 2.1323175051191012 -2.6203963411134965 -2.596648650599969 29.60374577783181 27.702502170816608 27.53982988912431 27.5671592793034 27.736171107566125 27.82118853953137 27.42596364842183 KOV24 False
j123623.11p621420.92 5 10670 189.096293 62.239144 jades-gdn11-v3_prism-clear_1181_4685.spec.fits jades-gdn11-v3 4685 4 "G140M   G235M   G395H   G395M" 3 7.4189 7.415 "red, bright Hb" - 0 2.18 0.6 5.29 0.6 "" "" "" 41.85 "" "" "" "FITS   zfit   spl" "" "" 33393 189.096299 62.239135 23929.543 13632.146 104.0 0.97 0.0 3.069 0.05252 0.0016 2.961197 0.205331 52.923245 23.689577 -0.00104 -0.00125 -0.00101 0.0021 -0.00035 0.0122 0.00548 0.01064 0.00438 0.00558 0.01159 0.00949 0.01241 0.03995 0.09343 0.09652 0.00368 0.00295 0.00298 0.00249 0.00499 0.00304 0.00319 0.00419 0.00324 0.00245 0.00239 0.00215 0.00136 0.00132 0.00252 0.00178 0.28 0 33393 189.096299 62.239135 7.415 7.415 7.415 7.415 7.415 0 0.0 1833 2 0.033926120428893626 -1.419001403216113 1.5593181214165936 2.659483670333151 2.5290419456961484 29.53341450265605 28.73979141009101 28.956834468931767 28.665570546253175 27.396208040874974 26.473784127880872 26.438456716908128 Both True
j141942.18p525644.38 1 11036 214.925759 52.945662 ceers-ddt-v3_prism-clear_2750_1768.spec.fits ceers-ddt-v3 1768 0 "" 3 5.0946 5.095 "Redshifts match v2 grade=3" "DKo24  z=N/A" 1 4.47 0.6 5.29 1.0 56.3 "" 42.34 41.85 "" "" "" "FITS   zfit   spl" "" "" 71873 214.925758 52.94566 15226.441 13272.263 208.0 0.97 0.0 2.891 0.08607 0.00202 2.833635 0.129115 33.931422 22.669077 0.0 -0.00077 0.0 0.0031 0.0 -0.01174 0.0 0.016 0.0 0.00582 0.00613 0.00886 0.02933 0.05932 0.17332 0.13126 -99.0 0.0028 -99.0 0.00457 -99.0 0.01094 -99.0 0.00996 -99.0 0.00247 0.00291 0.00155 0.00178 0.00171 0.00346 0.00181 0.28 14 71873 214.925758 52.94566 5.095 5.095 5.095 5.095 5.095 14 0.0 "" "" 0.007519686716212943 -1.1632822790222535 1.0199452718592283 1.4324279854237383 1.2365181437547421 29.487692538375278 29.431348813703963 29.03141569528237 27.731719842548618 26.966997144109136 25.802878299094157 26.104669000197738 Both True
j141940.32p525614.08 1 11048 214.917995 52.937245 ceers-ddt-v3_prism-clear_2750_2015.spec.fits ceers-ddt-v3 2015 0 "" 3 4.8903 4.89 "Redshifts match v2 grade=3" - 0 1.48 0.6 5.29 1.8 33.8 "" 41.77 41.52 "" "" "" "FITS   zfit   spl" "" "" 62325 214.917991 52.937249 16359.183 13046.281 78.0 0.95 0.0 3.191 0.02208 0.00238 2.571327 0.281632 -30.376591 20.570614 0.0 0.0007 0.0 0.00687 0.0 0.00304 0.0 0.0066 0.0 0.00089 0.01058 0.00436 0.01739 0.03275 0.03972 0.0351 -99.0 0.00479 -99.0 0.00652 -99.0 0.01625 -99.0 0.01331 -99.0 0.00371 0.00454 0.00253 0.00316 0.00302 0.0059 0.00293 0.28 14 62325 214.917991 52.937249 4.89 4.89 4.89 4.89 4.89 14 0.0 "" "" 0.01681309905204608 -2.316194737632615 0.3243935261645011 0.16523598020673508 0.14296638892399413 31.526524983387716 28.83878583075208 29.801283776828534 28.299251044993216 27.611971739180493 27.40247690044164 27.53673220883544 KOV24 True
j021739.24m051727.72 2 11179 34.4135 -5.291034 rubies-uds41-nod-v3_prism-clear_4233_17673.spec.fits rubies-uds41-nod-v3 17673 1 G395M 3 3.985 3.985 "Redshift matches rubies-uds41-v3_g395m-f290lp_4233_17673 z=3.9764" - 0 9.19 0.6 5.29 1.1 40.5 11.7 42.65 42.07 "" "" "" "FITS   zfit   spl" "" "" 15318 34.413477 -5.29105 15577.313 5189.657 1460.0 0.03 0.0 7.569 1.57772 0.01097 8.282856 0.273314 -65.709688 66.262848 0.0 0.0 0.0 0.03733 0.0 0.0 0.0 0.0 0.05998 0.04533 0.10371 0.37826 0.86934 1.52776 1.61435 2.05447 -99.0 -99.0 -99.0 0.0212 -99.0 -99.0 -99.0 -99.0 0.02254 0.02331 0.01903 0.02169 0.01098 0.01232 0.01729 0.01322 0.66 7 15318 34.413477 -5.29105 -99.0 3.9 4.012 4.227 4.227 6 0.0 4347 3 0.10057485149744458 -0.6920621936658324 0.14042417375382787 -0.06217762241135013 -0.19618485702471522 27.25903570235328 26.360448414344827 24.955523954445603 24.052025842983486 23.439862162277407 23.380005754905497 23.118250490142024 KOV24 False
j021733.45m051644.73 2 11219 34.389359 -5.279092 rubies-uds41-nod-v3_prism-clear_4233_24447.spec.fits rubies-uds41-nod-v3 24447 1 G395M 3 5.2626 5.26285 "Redshift matches rubies-uds41-v3_prism-clear_4233_24447 z=5.2631" - 0 0.77 0.6 5.29 0.1 25.7 "" 42.5 "" "" "" "" "FITS   zfit   spl" "" "" 22455 34.389335 -5.279096 18462.02 6624.291 279.0 0.89 0.0 4.918 0.17888 0.00648 4.498358 0.330588 -0.064717 35.986862 -0.00879 -0.00425 0.0 0.02274 0.0 0.0 0.04346 0.0 0.0314 0.02273 0.04834 0.05964 0.15128 0.1428 0.51192 0.37553 0.02176 0.01034 -99.0 0.01644 -99.0 -99.0 0.01621 -99.0 0.01226 0.01215 0.01036 0.00872 0.00656 0.0058 0.01097 0.00781 0.33 4 22455 34.389335 -5.279096 -99.0 5.2 7.23 5.171 5.171 4 0.0 4369 3 0.08723030781834397 -0.9693611531024546 2.917095954882398 -99.0 -99.0 28.008501410687572 27.18923338482092 26.961155913047605 25.95054621040754 26.01317948139961 24.62699475709741 24.963388406875726 KOV24 False
j021741.42m051644.42 2 11220 34.422576 -5.279005 rubies-uds41-v3_prism-clear_4233_24557.spec.fits rubies-uds41-v3 24557 1 G395M 2 2.3108 2.3108 "very red" - 0 13.01 0.6 5.29 "" 4.5 -0.9 41.13 "" "" "" "" "FITS   zfit   spl" "" "" 22287 34.422553 -5.279012 14492.771 6634.218 1871.0 0.03 3.0 13.539 3.42942 0.02597 13.983911 0.537914 2.175327 111.871284 0.00424 0.06295 0.0 0.03384 0.0 -0.00259 0.0 0.17668 -0.01016 0.02314 0.05398 0.24247 0.87188 1.97174 2.99007 3.79543 0.05697 0.05219 -99.0 0.03338 -99.0 0.04904 -99.0 0.047 0.05005 0.05179 0.04468 0.03624 0.02607 0.03816 0.04749 0.03542 0.33 303 22287 34.422553 -5.279012 -99.0 5.575 4.24 3.549 3.973 303 0.0 4452 2 0.08621394829166779 -4.10348524660566 1.5860977075404457 1.252199568032111 1.1427586235856093 27.989091613460673 27.069417799448754 25.4383549688443 24.048858211189437 23.162875882728574 22.710796610913107 22.451847534896764 KOV24 False
j021737.70m051505.99 2 11344 34.407091 -5.251665 rubies-uds41-v3_prism-clear_4233_41571.spec.fits rubies-uds41-v3 41571 1 G395M 2 5.5033 5.4983 "" "DKo24  z=N/A" 1 0.09 0.6 5.29 3.9 "" "" "" 41.37 "" "" "" "FITS   zfit   spl" "" "" 37668 34.407058 -5.251676 16344.104 9914.677 199.0 0.97 0.0 2.889 0.13629 0.00356 3.012159 0.211358 71.076005 24.097275 0.00286 -0.00499 0.0 0.0167 0.0 0.0179 0.04008 0.01752 0.01281 0.01081 0.01614 0.0184 0.04718 0.0882 0.35109 0.24755 0.00708 0.00353 -99.0 0.0039 -99.0 0.0112 0.01107 0.0098 0.00527 0.00514 0.00434 0.00353 0.00279 0.00339 0.00559 0.00377 0.28 2 37668 34.407058 -5.251676 -99.0 7.4 7.244 5.235 5.235 2 0.0 4469 2 0.12475319464667213 -1.3707577895597753 2.179676122102443 -0.5373564971569961 3.118259550914997 28.815435765116725 28.380241174034868 28.237955442476157 27.215605158626058 26.536328537170448 25.03645385062221 25.41584267333124 Both True
j021733.13m051506.40 2 11345 34.388054 -5.251776 rubies-uds41-nod-v3_prism-clear_4233_41691.spec.fits rubies-uds41-nod-v3 41691 1 G395M 3 2.0422 2.04235 "Redshift matches rubies-uds41-v3_g395m-f290lp_4233_41691 z=2.0373" - 0 16.8 0.6 5.29 "" 22.3 4.4 41.87 41.26 "" "" "" "FITS   zfit   spl" "" "" 37161 34.388022 -5.251784 18618.822 9901.776 1931.0 0.03 2.0 5.882 2.37677 0.00697 7.536439 0.247678 43.266002 60.291515 -0.01648 0.00868 0.0 0.0251 0.0 0.1363 0.19766 0.23116 0.02845 0.09471 0.19607 0.48695 1.00611 1.95853 2.74935 3.32776 0.01846 0.00918 -99.0 0.00873 -99.0 0.01771 0.01493 0.01601 0.00777 0.00787 0.00667 0.00632 0.00696 0.00801 0.01231 0.00863 0.33 202 37161 34.388022 -5.251784 -99.0 3.775 2.905 2.952 2.952 202 0.0 4424 3 0.11827633935761664 -0.7526154606850038 0.45071206029747246 0.6547137286428507 0.5635589297507132 26.4590104084703 25.668972127905437 24.681289074575787 23.893386336019837 23.170174429278454 22.80192492431544 22.59462000706067 Both False
j141919.86p524652.91 2 12184 214.83275 52.781364 rubies-egs53-nod-v3_prism-clear_4233_27965.spec.fits rubies-egs53-nod-v3 27965 1 G395M 3 3.7763 3.77615 "Redshift matches rubies-egs53-v3_g395m-f290lp_4233_27965 z=3.7719" - 0 6.24 0.6 5.29 "" 23.5 2.8 42.04 41.2 "" "" "" "FITS   zfit   spl" "" "" 30430 214.832748 52.781366 34615.152 5644.936 777.0 0.03 0.0 6.251 0.39995 0.0047 5.679377 0.07952 -27.102608 45.435013 0.0 -0.00618 0.0 0.01019 0.0 -0.00236 0.0 0.05012 0.0 0.0104 0.01179 0.06682 0.20367 0.37113 0.51175 0.71463 -99.0 0.0078 -99.0 0.00838 -99.0 0.01783 -99.0 0.01566 -99.0 0.00468 0.00588 0.00514 0.00503 0.00417 0.00781 0.00697 0.5 14 30430 214.832748 52.781366 -99.0 3.75 3.709 3.971 3.971 14 0.0 3166 3 0.008414620525751874 -0.44778008235398803 0.8155767398202648 0.5697213416250757 0.7087917971390584 28.85741665175305 28.721215487262278 26.837733821744717 25.627682341514866 24.976184845953323 24.62735537166364 24.26479689042568 KOV24 False
j141923.15p524745.49 2 12196 214.846467 52.79597 rubies-egs53-nod-v3_prism-clear_4233_30308.spec.fits rubies-egs53-nod-v3 30308 1 G395M 3 3.1055 3.1054500000000003 "Redshift matches rubies-egs53-v3_g395m-f290lp_4233_30308 z=3.1054" - 0 12.38 0.6 5.29 "" 30.9 12.4 42.09 41.72 "" "" "" "FITS   zfit   spl" "" "" 32742 214.84646 52.795969 32635.109 6019.916 1798.0 0.09 2.0 6.705 1.05746 0.00665 8.154361 0.177089 -8.064759 65.234886 0.0 0.01027 0.0 0.00523 0.0 0.02942 0.0 0.1368 0.0 0.02588 0.09833 0.26276 0.66928 0.98831 1.56104 1.81315 -99.0 0.00737 -99.0 0.00918 -99.0 0.01939 -99.0 0.01763 -99.0 0.00538 0.0067 0.00609 0.00624 0.00509 0.0096 0.00836 0.33 314 32742 214.84646 52.795969 -99.0 2.225 3.079 3.42 3.42 314 0.0 3168 3 0.015656806966786802 -0.5491506965582166 0.6190008542884969 0.24178956765162105 0.6001088422983983 27.867589320008342 26.41828490209468 25.351101867010698 24.335980381908612 23.91276702574626 23.416464921144872 23.253915664226813 KOV24 False
