catalog/all_nirspechighz_LRD_z2.ecsv
# %ECSV 1.0
# ---
# datatype:
# - {name: jname, datatype: string}
# - {name: ndup, datatype: int64}
# - {name: uid, datatype: int64}
# - {name: ra, datatype: float64}
# - {name: dec, datatype: float64}
# - {name: file, datatype: string}
# - {name: root, datatype: string}
# - {name: srcid, datatype: int64}
# - {name: nGr, datatype: int64}
# - {name: Grating, datatype: string}
# - {name: grade, datatype: int64}
# - {name: zfit, datatype: float64}
# - {name: z, datatype: float64}
# - {name: comment, datatype: string}
# - {name: References, datatype: string}
# - {name: nRef, datatype: int64}
# - {name: sn50, datatype: float64}
# - {name: wmin, datatype: float64}
# - {name: wmax, datatype: float64}
# - {name: Lya, datatype: float64}
# - {name: Ha, datatype: float64}
# - {name: OIII, datatype: float64}
# - {name: L_Ha, datatype: float64}
# - {name: L_OIII, datatype: float64}
# - {name: HST, datatype: int64}
# - {name: NIRCam, datatype: int64}
# - {name: slit, datatype: int64}
# - {name: FITS, datatype: string}
# - {name: Fnu, datatype: int64}
# - {name: Flam, datatype: int64}
# - {name: ID_1, datatype: int64}
# - {name: RA_1, datatype: float64}
# - {name: DEC_1, datatype: float64}
# - {name: X, datatype: float64}
# - {name: Y, datatype: float64}
# - {name: isoarea_SE, datatype: float64}
# - {name: class_starSE, datatype: float64}
# - {name: flags_SE, datatype: float64}
# - {name: r50_SE, datatype: float64}
# - {name: f_autoSE, datatype: float64}
# - {name: e_autoSE, datatype: float64}
# - {name: a_f001w, datatype: float64}
# - {name: ell_f001w, datatype: float64}
# - {name: theta_f001w, datatype: float64}
# - {name: rKron_f001w, datatype: float64}
# - {name: f_f435w, datatype: float64}
# - {name: f_f606w, datatype: float64}
# - {name: f_f775w, datatype: float64}
# - {name: f_f814w, datatype: float64}
# - {name: f_f105w, datatype: float64}
# - {name: f_f125w, datatype: float64}
# - {name: f_f140w, datatype: float64}
# - {name: f_f160w, datatype: float64}
# - {name: f_f090w, datatype: float64}
# - {name: f_f115w, datatype: float64}
# - {name: f_f150w, datatype: float64}
# - {name: f_f200w, datatype: float64}
# - {name: f_f277w, datatype: float64}
# - {name: f_f356w, datatype: float64}
# - {name: f_f410m, datatype: float64}
# - {name: f_f444w, datatype: float64}
# - {name: e_f435w, datatype: float64}
# - {name: e_f606w, datatype: float64}
# - {name: e_f775w, datatype: float64}
# - {name: e_f814w, datatype: float64}
# - {name: e_f105w, datatype: float64}
# - {name: e_f125w, datatype: float64}
# - {name: e_f140w, datatype: float64}
# - {name: e_f160w, datatype: float64}
# - {name: e_f090w, datatype: float64}
# - {name: e_f115w, datatype: float64}
# - {name: e_f150w, datatype: float64}
# - {name: e_f200w, datatype: float64}
# - {name: e_f277w, datatype: float64}
# - {name: e_f356w, datatype: float64}
# - {name: e_f410m, datatype: float64}
# - {name: e_f444w, datatype: float64}
# - {name: apopt, datatype: float64}
# - {name: flag_1, datatype: int64}
# - {name: ID_2, datatype: int64}
# - {name: RA_2, datatype: float64}
# - {name: DEC_2, datatype: float64}
# - {name: zspec, datatype: float64}
# - {name: zphot, datatype: float64}
# - {name: EAzY_eazy_v13, datatype: float64}
# - {name: EAzY_Larson, datatype: float64}
# - {name: EAzY_LarsonLyaRed, datatype: float64}
# - {name: flag_2, datatype: int64}
# - {name: Separation_2, datatype: float64}
# - {name: GroupID, datatype: int64}
# - {name: GroupSize, datatype: int64}
# - {name: Separation, datatype: float64}
# - {name: beta_UV, datatype: float64}
# - {name: beta_opt, datatype: float64}
# - {name: beta_277356, datatype: float64}
# - {name: beta_277410, datatype: float64}
# - {name: F115_mag, datatype: float64}
# - {name: F150_mag, datatype: float64}
# - {name: F200_mag, datatype: float64}
# - {name: F277_mag, datatype: float64}
# - {name: F356_mag, datatype: float64}
# - {name: F410_mag, datatype: float64}
# - {name: F444_mag, datatype: float64}
# - {name: method, datatype: string}
# - {name: compact, datatype: bool}
# schema: astropy-2.0
jname ndup uid ra dec file root srcid nGr Grating grade zfit z comment References nRef sn50 wmin wmax Lya Ha OIII L_Ha L_OIII HST NIRCam slit FITS Fnu Flam ID_1 RA_1 DEC_1 X Y isoarea_SE class_starSE flags_SE r50_SE f_autoSE e_autoSE a_f001w ell_f001w theta_f001w rKron_f001w f_f435w f_f606w f_f775w f_f814w f_f105w f_f125w f_f140w f_f160w f_f090w f_f115w f_f150w f_f200w f_f277w f_f356w f_f410m f_f444w e_f435w e_f606w e_f775w e_f814w e_f105w e_f125w e_f140w e_f160w e_f090w e_f115w e_f150w e_f200w e_f277w e_f356w e_f410m e_f444w apopt flag_1 ID_2 RA_2 DEC_2 zspec zphot EAzY_eazy_v13 EAzY_Larson EAzY_LarsonLyaRed flag_2 Separation_2 GroupID GroupSize Separation beta_UV beta_opt beta_277356 beta_277410 F115_mag F150_mag F200_mag F277_mag F356_mag F410_mag F444_mag method compact
[from data line 103]
j001423.33m302339.58 1 16423 3.597203 -30.394329 uncover-v3_prism-clear_2561_16594.spec.fits uncover-v3 16594 0 "" 3 7.0315 7.04 "Redshift matches uncover-v2_prism-clear_2561_16594 z=7.0353" "LFu22  z=N/A ;  DKo24  z=N/A" 2 6.64 0.6 5.29 1.9 23.2 "" 42.14 40.6 "" "" "" "FITS   zfit   spl" "" "" 12781 3.59721 -30.394332 8279.658 8455.201 228.0 0.96 0.0 3.15 0.06016 0.00121 3.289842 0.209339 52.779305 26.318735 -0.00122 -0.00063 0.0 -0.00045 0.00479 0.00788 0.00702 0.00653 0.0 0.00757 0.01135 0.00921 0.00931 0.0428 0.07476 0.08956 0.00189 0.00146 -99.0 0.00112 0.00142 0.00206 0.00194 0.00184 -99.0 0.0019 0.00158 0.00159 0.00081 0.0009 0.00172 0.00119 0.28 11 12781 3.59721 -30.394332 7.04 7.04 7.04 7.04 7.04 11 0.0 "" "" 0.02427179533411806 -1.7398997087560093 1.5015248569998942 3.7831138441667025 3.0135059502249146 29.202260301249815 28.762510346177145 28.989350924507875 28.977625797546644 27.321390577467067 26.71582676823301 26.519714787732518 Both True
j001433.70m302311.18 1 16473 3.640408 -30.386438 uncover-v3_prism-clear_2561_20466.spec.fits uncover-v3 20466 0 "" 3 8.5039 8.503 "Redshifts match v2 grade=3" "DKo24  z=8.500" 1 2.17 0.6 5.29 5.8 "" "" "" 42.65 "" "" "" "FITS   zfit   spl" "" "" 15122 3.640415 -30.386432 3960.662 9368.246 151.0 0.96 2.0 2.851 0.05533 0.00222 2.373121 0.067096 78.434355 18.984968 0.0 0.00372 0.0 -0.0038 0.0 0.0 0.0 0.0 0.0 0.0087 0.01095 0.01176 0.01632 0.03052 0.06705 0.10446 -99.0 0.00901 -99.0 0.01345 -99.0 -99.0 -99.0 -99.0 -99.0 0.0028 0.00227 0.00232 0.00148 0.00162 0.00275 0.00217 0.28 316 15122 3.640415 -30.386432 8.503 8.503 8.503 8.503 8.503 316 0.0 "" "" 0.030645006503156578 -1.3416332484977542 1.8020828966063502 0.4948499933267255 1.6034286447188861 29.051201868453454 28.801464702059654 28.723981695649698 28.368199613955394 27.68853867679289 26.834003044530952 26.352624946247563 Both True
j001416.70m302223.60 1 16568 3.569597 -30.373223 uncover-v3_prism-clear_2561_28876.spec.fits uncover-v3 28876 0 "" 3 7.038 7.037 "Redshifts match v2 grade=3" "DKo24  z=7.040" 1 3.7 0.6 5.29 1.2 25.8 "" 42.42 41.19 "" "" "" "FITS   zfit   spl" "" "" 20020 3.569592 -30.373218 11039.884 10902.398 129.0 0.96 0.0 2.809 0.03796 0.00155 2.522455 0.127274 81.657721 20.179644 -0.00186 0.00065 0.0 -0.0042 0.00479 0.01249 0.0 0.0164 0.0 0.00871 0.00849 0.00983 0.01066 0.03121 0.05489 0.06219 0.00378 0.00203 -99.0 0.00263 0.01404 0.01273 -99.0 0.02337 -99.0 0.00262 0.00218 0.00225 0.00122 0.00139 0.00225 0.00168 0.28 12 20020 3.569592 -30.373218 7.037 7.037 7.037 7.037 7.037 12 0.0 "" "" 0.02377320804590123 -1.7399462827422771 1.2429104871382544 1.8213879332174823 1.597197963160591 29.04995461248084 29.077730774390115 28.91861620541966 28.830606988273615 27.664265578336668 27.05126692304596 26.915698607966192 Both True
j001424.14m302145.78 1 16658 3.6006 -30.362717 uncover-v3_prism-clear_2561_35516.spec.fits uncover-v3 35516 0 "" 3 2.4952 2.497 "Redshifts match v2 grade=3" - 0 143.21 0.6 5.29 "" 29.1 -1.2 41.88 "" "" "" "" "FITS   zfit   spl" "" "" 23232 3.600604 -30.362715 7939.035 12118.676 4210.0 0.03 0.0 7.083 5.84888 0.00666 9.539292 0.286192 5.896717 76.314339 -0.0043 0.00643 0.0 0.04419 0.0716 0.05031 0.0 0.41912 0.0 0.07342 0.37553 0.96515 2.45971 4.79844 6.44899 7.722 0.01028 0.00773 -99.0 0.00605 0.03677 0.03667 -99.0 0.05236 -99.0 0.01038 0.00861 0.00913 0.00649 0.00796 0.01259 0.00945 1.32 12 23232 3.600604 -30.362715 2.497 2.497 2.497 2.497 2.497 12 0.0 "" "" 0.014360328482938655 -1.3506638568648925 2.3292526263894104 0.6632610105210683 0.45800205093436186 26.73546404958008 24.963388406875726 23.938512962470075 22.922790233078896 22.197249828180446 21.876270741230915 21.680675506779924 KOV24 False
j001421.63m302135.05 1 16679 3.590111 -30.359742 uncover-v3_prism-clear_2561_37126.spec.fits uncover-v3 37126 0 "" 3 10.3874 10.222 "Redshifts match v2 grade=3" - 0 1.95 0.6 5.29 -2.7 "" "" "" "" "" "" "" "FITS   zfit   spl" "" "" 24910 3.590116 -30.359735 8987.573 12464.374 201.0 0.76 2.0 4.883 0.04474 0.00316 3.793659 0.301569 31.179309 30.34927 0.00244 -0.00151 0.0 0.00374 -0.00918 0.01431 0.0 0.10832 0.0 -0.00077 0.07468 0.08601 0.0664 0.05963 0.0521 0.06142 0.0036 0.00317 -99.0 0.00221 0.04057 0.05313 -99.0 0.05528 -99.0 0.0058 0.00496 0.00508 0.003 0.00325 0.00482 0.00372 0.28 212 24910 3.590116 -30.359735 10.222 10.222 10.222 10.222 10.222 212 0.0 "" "" 0.029601890599402835 -2.722534056272853 0.06572023946993162 -2.428587426952407 -2.6184840159661444 nan 26.716989226807396 26.56362763083463 26.844579801579954 26.96133797663565 27.10790569175119 26.929225469732373 KOV24 False
j001407.20m302128.85 1 16695 3.530009 -30.358013 uncover-v3_prism-clear_2561_38108.spec.fits uncover-v3 38108 0 "" 3 4.962 4.96 "Redshifts match v2 grade=3" "DKo24  z=4.960" 1 8.81 0.6 5.29 2.6 71.3 "" 42.66 42.24 "" "" "" "FITS   zfit   spl" "" "" 25363 3.530005 -30.358015 14997.866 12663.792 599.0 0.99 3.0 3.056 0.36277 0.00109 3.837839 0.112438 -72.903211 30.702709 0.0 0.0 0.0 0.0 0.0 0.0 0.0 0.0 0.04018 0.03981 0.04375 0.04582 0.13256 0.30868 0.56265 0.40222 -99.0 -99.0 -99.0 -99.0 -99.0 -99.0 -99.0 -99.0 0.00162 0.00156 0.00183 0.00169 0.00095 0.00118 0.00398 0.00085 0.33 10308 25363 3.530005 -30.358015 4.96 4.96 4.96 4.96 4.96 10308 0.0 "" "" 0.014360845293719112 -1.8150647605873813 0.18298162995826056 0.2758147609479993 0.302659266326178 27.400019556039755 27.29755485660417 27.24736228786655 26.093968761471796 25.176228771055207 24.52440419198399 24.888840845824536 Both True
j001408.16m302111.91 1 16733 3.533996 -30.353308 uncover-v3_prism-clear_2561_41225.spec.fits uncover-v3 41225 0 "" 3 6.7695 6.77 "Redshifts match v2 grade=3" "DKo24  z=6.760" 1 4.1 0.6 5.29 0.7 34.5 "" 42.52 42.45 "" "" "" "FITS   zfit   spl" "" "" 27018 3.533991 -30.353315 14599.406 13208.488 482.0 0.92 2.0 5.465 0.15179 0.00389 4.896705 0.188343 66.765936 39.173637 0.0 0.0 0.0 0.0 0.0 0.0 0.0 0.0 0.0 0.03434 0.04673 0.04643 0.05424 0.12563 0.17306 0.1882 -99.0 -99.0 -99.0 -99.0 -99.0 -99.0 -99.0 -99.0 -99.0 0.00462 0.00393 0.00438 0.00235 0.00278 0.00441 0.00325 0.33 318 27018 3.533991 -30.353315 6.77 6.77 6.77 6.77 6.77 318 0.0 "" "" 0.029602426026223084 -1.5388054260637352 0.23832100620606977 -0.368376109714483 -0.03115651586852122 27.560499272937754 27.226010547439216 27.233003290834564 27.064200797852482 26.15226660056725 25.804508251552463 25.713450952271902 Both False
j001428.61m302523.77 1 16756 3.619201 -30.42327 uncover-v3_prism-clear_2561_4286.spec.fits uncover-v3 4286 0 "" 3 5.8353 5.837 "Redshifts match v2 grade=3" "DKo24  z=5.840" 1 9.49 0.6 5.29 7.7 68.5 "" 42.95 42.37 "" "" "" "FITS   zfit   spl" "" "" 4992 3.6192 -30.423266 6083.557 5101.458 452.0 0.98 0.0 3.076 0.23609 0.00195 3.370403 0.041202 -20.816862 26.963223 0.0 0.02838 0.0 0.00705 0.01096 0.05225 0.0 -0.00682 0.03328 0.02343 0.03155 0.02986 0.05939 0.16747 0.0 0.35795 -99.0 0.01648 -99.0 0.47499 0.017 0.01589 -99.0 0.02041 0.00396 0.00367 0.00539 0.00251 0.00166 0.00185 -99.0 0.00249 0.5 10013 4992 3.6192 -30.423266 5.837 5.837 5.837 5.837 5.837 10013 0.0 "" "" 0.014730809038216415 -2.128451621242546 0.8501616174381685 1.2138707512152425 -99.0 27.975569278507592 27.652501591049617 27.712275491527482 26.965716686807443 25.840157449200042 nan 25.015444083115366 Both True
j001411.45m302001.33 1 16826 3.547714 -30.333702 uncover-v3_prism-clear_2561_49702.spec.fits uncover-v3 49702 0 "" 3 4.8756 4.874 "Redshifts match v2 grade=3" - 0 5.0 0.6 5.29 -0.4 46.0 "" 42.08 41.73 "" "" "" "FITS   zfit   spl" "" "" 33502 3.547699 -30.333699 13228.918 15481.718 230.0 0.98 2.0 2.833 0.08592 0.00298 3.189747 0.218041 27.109633 25.517977 0.0 0.0 0.0 0.0 0.0 0.0 0.0 0.0 0.0 0.01097 0.00742 0.01424 0.04717 0.09816 0.11826 0.11663 -99.0 -99.0 -99.0 -99.0 -99.0 -99.0 -99.0 -99.0 -99.0 0.00438 0.00361 0.00365 0.00223 0.0025 0.00413 0.00306 0.28 18 33502 3.547699 -30.333699 4.874 4.874 4.874 4.874 4.874 18 0.0 "" "" 0.04784227125127646 -1.5038664721166248 0.44586653655494923 0.5211331062136605 0.3588934393097762 28.799483431063223 29.223990236802432 28.516225026747904 27.215835309385746 26.420163625702628 26.217905313342282 26.232974310935415 Both True
j033227.89m274651.94 1 17412 53.116198 -27.781094 gds-egami-ddt-v3_prism-clear_6541_125748.spec.fits gds-egami-ddt-v3 125748 0 "" 3 2.869 2.869 "Redshifts match v2 grade=3" - 0 25.8 0.6 5.29 "" 28.6 23.0 41.66 41.78 "" "" "" "FITS   zfit   spl" "" "" 55622 53.116201 -27.781092 12623.258 19680.182 425.0 0.56 0.0 4.957 0.44265 0.00962 4.548776 0.219642 -49.145978 36.390205 0.01794 0.06008 0.09654 0.08491 0.10906 0.1245 0.16802 0.23011 0.0 0.0 0.0 0.0 0.0 0.0 0.0 0.41618 0.00588 0.00469 0.00723 0.00384 0.00399 0.0053 0.02025 0.00615 -99.0 -99.0 -99.0 -99.0 -99.0 -99.0 -99.0 0.00645 0.5 70 55622 53.116201 -27.781092 2.869 2.869 2.869 2.869 2.869 70 0.0 "" "" 0.011964139204860277 -0.9381295024345957 1.1802857483217883 -99.0 -99.0 nan nan nan nan nan nan 24.851796985337046 KOV24 False
j033233.27m274725.25 1 17548 53.138643 -27.790346 gds-egami-ddt-v3_prism-clear_6541_204850.spec.fits gds-egami-ddt-v3 204850 0 "" 3 5.4812 5.481 "Redshifts match v2 grade=3" - 0 4.03 0.6 5.29 6.3 31.3 "" 41.98 42.32 "" "" "" "FITS   zfit   spl" "" "" 51682 53.138595 -27.790261 10245.457 18579.678 1463.0 0.93 3.0 4.977 0.52295 0.00143 7.449646 0.353029 55.748622 59.597168 -0.00095 0.0018 0.02796 0.03773 0.06535 0.0658 0.06887 0.0624 0.0 0.0 0.0 0.0 0.12344 0.38364 0.94024 0.73717 0.00122 0.00044 0.00059 0.00371 0.00084 0.00151 0.00132 0.00121 -99.0 -99.0 -99.0 -99.0 0.00091 0.00125 0.00234 0.0014 0.33 340 51682 53.138595 -27.790261 5.481 5.481 5.481 5.481 5.481 340 0.0 "" "" 0.3420599381324405 -2.056084665953754 1.3181396894534705 0.3216198315666926 1.6853217847273323 nan nan nan 26.17136021736227 24.940190294201717 23.966903192139377 24.231080868044934 KOV24 False
j141946.11p525647.10 3 17949 214.942114 52.946416 gto-wide-egs1-v3_prism-clear_1213_4151.spec.fits gto-wide-egs1-v3 4151 2 "G235H   G395H" 3 2.015 2.015 "Redshifts match v2 grade=3" - 0 26.42 0.6 5.29 "" 2.2 2.0 41.06 41.11 "" "" "" "FITS   zfit   spl" "" "" 72458 214.942143 52.946413 14389.944 12428.348 14608.0 0.03 3.0 13.685 17.65669 0.01555 20.844521 0.27492 -34.054027 166.756165 0.0 0.01549 0.0 0.02285 0.0 0.72642 0.0 1.93468 0.0 0.38236 1.70275 4.26477 10.27894 15.95657 20.73138 24.18599 -99.0 0.01248 -99.0 0.01768 -99.0 0.03694 -99.0 0.0355 -99.0 0.01228 0.01639 0.01712 0.01918 0.02039 0.03243 0.02737 0.33 314 72458 214.942143 52.946413 2.015 2.015 2.015 2.015 2.015 314 0.0 "" "" 0.06382778318942146 -0.6825404555890621 2.2202643822168873 -0.24730834589672765 -0.21096554181975333 24.943818867662863 23.322122777613384 22.325260963658653 21.370129172468236 20.892651145584427 20.608429469507595 20.44109032756938 KOV24 False
j141946.09p525700.83 3 17954 214.942039 52.95023 gto-wide-egs1-v3_prism-clear_1213_4184.spec.fits gto-wide-egs1-v3 4184 2 "G235H   G395H" 3 2.0108 2.012 "Redshifts match v2 grade=3" - 0 8.92 0.6 5.29 "" 9.0 1.8 41.29 40.76 "" "" "" "FITS   zfit   spl" "" "" 73904 214.942045 52.950226 14046.062 12730.265 1006.0 0.07 2.0 5.61 0.64448 0.0051 6.30327 0.227351 -27.972128 50.426159 0.0 0.01961 0.0 0.02121 0.0 0.11018 0.0 0.23586 0.0 0.09373 0.20918 0.35729 0.53893 0.6439 0.77037 0.81235 -99.0 0.00534 -99.0 0.0075 -99.0 0.01608 -99.0 0.01366 -99.0 0.00426 0.00587 0.00546 0.00452 0.00392 0.00663 0.00667 0.33 214 73904 214.942045 52.950226 2.012 2.012 2.012 2.012 2.012 214 0.0 1079 2 0.019409508171383892 -1.7341974129690094 0.4036457331615044 -1.2907598137296843 -1.0888826891860686 26.470303457434333 25.598699603346276 25.017447847162487 24.57116910089201 24.377953937269687 24.18325159497925 24.125642037984516 KOV24 False
j033229.36m274601.95 4 18274 53.122325 -27.767209 jades-gds-wide-v3_prism-clear_1180_12314.spec.fits jades-gds-wide-v3 12314 3 "G140M   G235M   G395M" 3 2.6335 2.645 "Redshifts match v2 grade=3" - 0 5.75 0.6 5.29 "" 33.1 38.9 41.92 42.32 "" "" "" "FITS   zfit   spl" "" "" 61357 53.122322 -27.767215 11973.296 21345.699 202.0 0.98 0.0 3.582 0.11881 0.00398 3.198706 0.178501 -67.856328 25.589647 0.02943 0.05134 0.03791 0.05417 0.05928 0.06812 0.06842 0.10151 0.0 0.0 0.0 0.0 0.0 0.0 0.0 0.12036 0.00236 0.00261 0.00552 0.00237 0.00334 0.00409 0.01772 0.00505 -99.0 -99.0 -99.0 -99.0 -99.0 -99.0 -99.0 0.00269 0.28 70 61357 53.122322 -27.767215 2.645 2.645 2.645 2.645 2.645 70 0.0 2706 3 0.023619566657631506 -1.4908139227980186 1.9895062269000097 -99.0 -99.0 nan nan nan nan nan nan 26.198794552329893 KOV24 True
j033231.84m274555.73 4 18283 53.132669 -27.765482 jades-gds-wide-v3_prism-clear_1180_12402.spec.fits jades-gds-wide-v3 12402 3 "G140M   G235M   G395M" 3 3.2379 3.201 "interactive fit -1 75 1.3 13 broad lines" - 0 17.67 0.6 5.29 "" 8.5 8.3 41.54 41.58 "" "" "" "FITS   zfit   spl" "" "" 61848 53.132662 -27.765486 10875.121 21553.201 1030.0 0.99 0.0 3.017 0.71034 0.00172 4.330508 0.09488 76.529394 34.644062 -0.00408 0.0147 0.00764 0.01862 0.02147 0.01836 0.04298 0.03703 0.02564 0.03036 0.04975 0.22555 0.64731 0.68651 0.78799 0.83721 0.0039 0.0043 0.0092 0.00428 0.00403 0.00549 0.0215 0.00667 0.00308 0.00218 0.00252 0.00226 0.00216 0.0019 0.00344 0.00242 0.66 10000 61848 53.132662 -27.765486 3.201 3.201 3.201 3.201 3.201 10000 0.0 2711 3 0.02654399832355876 -0.8579194841132312 1.748998084743416 0.3113750574252265 -0.16948076962167222 27.69424558194139 27.15801728729564 25.516892921415675 24.372219209277077 24.308382830652228 24.15869823474177 24.092913982250952 Both True
j033229.09m274524.41 4 18315 53.121212 -27.756779 jades-gds-wide-v3_prism-clear_1180_12837.spec.fits jades-gds-wide-v3 12837 3 "G140M   G235M   G395M" 3 2.5791 2.585 "Redshifts match v2 grade=3" - 0 4.26 0.6 5.29 "" 8.4 8.3 41.26 41.48 "" "" "" "FITS   zfit   spl" "" "" 65413 53.121216 -27.75681 12090.721 22594.529 506.0 0.94 0.0 5.756 0.50796 0.00882 6.330831 0.483067 81.019863 50.646648 0.02346 0.06949 0.07699 0.07448 0.0798 0.10175 0.07742 0.14226 0.0 0.0 0.0 0.0 0.0 0.0 0.0 0.51941 0.00399 0.0039 0.0078 0.00405 0.00444 0.00596 0.02237 0.00712 -99.0 -99.0 -99.0 -99.0 -99.0 -99.0 -99.0 0.00645 0.5 70 65413 53.121216 -27.75681 2.585 2.585 2.585 2.585 2.585 70 0.0 2716 2 0.11232517407163706 -1.5365936530147153 4.152873895987252 -99.0 -99.0 nan nan nan nan nan nan 24.611224233306007 KOV24 False
j033222.59m274614.26 4 18395 53.094123 -27.770628 jades-gds-wide-v3_prism-clear_1180_16391.spec.fits jades-gds-wide-v3 16391 3 "G140M   G235M   G395M" 3 2.7214 2.713 "Redshifts match v2 grade=3" - 0 2.61 0.6 5.29 "" 3.0 0.4 40.77 40.13 "" "" "" "FITS   zfit   spl" "" "" 59998 53.094118 -27.770634 14968.422 20935.066 161.0 0.17 0.0 7.245 0.13387 0.01302 4.494347 0.460336 -69.983434 35.954773 0.01305 0.03528 0.04441 0.0474 0.06204 0.06504 0.06622 0.13035 0.0 0.0 0.0 0.0 0.0 0.0 0.0 0.18028 0.00659 0.00881 0.01228 0.00621 0.00795 0.01058 0.03992 0.01252 -99.0 -99.0 -99.0 -99.0 -99.0 -99.0 -99.0 0.01294 0.28 70 59998 53.094118 -27.770634 2.713 2.713 2.713 2.713 2.713 70 0.0 2656 2 0.026836945425149417 -1.1144388450106117 4.848946722916508 -99.0 -99.0 nan nan nan nan nan nan 25.76013112650265 KOV24 False
