catalog/all_nirspechighz_LRD_z2.ecsv
# %ECSV 1.0
# ---
# datatype:
# - {name: jname, datatype: string}
# - {name: ndup, datatype: int64}
# - {name: uid, datatype: int64}
# - {name: ra, datatype: float64}
# - {name: dec, datatype: float64}
# - {name: file, datatype: string}
# - {name: root, datatype: string}
# - {name: srcid, datatype: int64}
# - {name: nGr, datatype: int64}
# - {name: Grating, datatype: string}
# - {name: grade, datatype: int64}
# - {name: zfit, datatype: float64}
# - {name: z, datatype: float64}
# - {name: comment, datatype: string}
# - {name: References, datatype: string}
# - {name: nRef, datatype: int64}
# - {name: sn50, datatype: float64}
# - {name: wmin, datatype: float64}
# - {name: wmax, datatype: float64}
# - {name: Lya, datatype: float64}
# - {name: Ha, datatype: float64}
# - {name: OIII, datatype: float64}
# - {name: L_Ha, datatype: float64}
# - {name: L_OIII, datatype: float64}
# - {name: HST, datatype: int64}
# - {name: NIRCam, datatype: int64}
# - {name: slit, datatype: int64}
# - {name: FITS, datatype: string}
# - {name: Fnu, datatype: int64}
# - {name: Flam, datatype: int64}
# - {name: ID_1, datatype: int64}
# - {name: RA_1, datatype: float64}
# - {name: DEC_1, datatype: float64}
# - {name: X, datatype: float64}
# - {name: Y, datatype: float64}
# - {name: isoarea_SE, datatype: float64}
# - {name: class_starSE, datatype: float64}
# - {name: flags_SE, datatype: float64}
# - {name: r50_SE, datatype: float64}
# - {name: f_autoSE, datatype: float64}
# - {name: e_autoSE, datatype: float64}
# - {name: a_f001w, datatype: float64}
# - {name: ell_f001w, datatype: float64}
# - {name: theta_f001w, datatype: float64}
# - {name: rKron_f001w, datatype: float64}
# - {name: f_f435w, datatype: float64}
# - {name: f_f606w, datatype: float64}
# - {name: f_f775w, datatype: float64}
# - {name: f_f814w, datatype: float64}
# - {name: f_f105w, datatype: float64}
# - {name: f_f125w, datatype: float64}
# - {name: f_f140w, datatype: float64}
# - {name: f_f160w, datatype: float64}
# - {name: f_f090w, datatype: float64}
# - {name: f_f115w, datatype: float64}
# - {name: f_f150w, datatype: float64}
# - {name: f_f200w, datatype: float64}
# - {name: f_f277w, datatype: float64}
# - {name: f_f356w, datatype: float64}
# - {name: f_f410m, datatype: float64}
# - {name: f_f444w, datatype: float64}
# - {name: e_f435w, datatype: float64}
# - {name: e_f606w, datatype: float64}
# - {name: e_f775w, datatype: float64}
# - {name: e_f814w, datatype: float64}
# - {name: e_f105w, datatype: float64}
# - {name: e_f125w, datatype: float64}
# - {name: e_f140w, datatype: float64}
# - {name: e_f160w, datatype: float64}
# - {name: e_f090w, datatype: float64}
# - {name: e_f115w, datatype: float64}
# - {name: e_f150w, datatype: float64}
# - {name: e_f200w, datatype: float64}
# - {name: e_f277w, datatype: float64}
# - {name: e_f356w, datatype: float64}
# - {name: e_f410m, datatype: float64}
# - {name: e_f444w, datatype: float64}
# - {name: apopt, datatype: float64}
# - {name: flag_1, datatype: int64}
# - {name: ID_2, datatype: int64}
# - {name: RA_2, datatype: float64}
# - {name: DEC_2, datatype: float64}
# - {name: zspec, datatype: float64}
# - {name: zphot, datatype: float64}
# - {name: EAzY_eazy_v13, datatype: float64}
# - {name: EAzY_Larson, datatype: float64}
# - {name: EAzY_LarsonLyaRed, datatype: float64}
# - {name: flag_2, datatype: int64}
# - {name: Separation_2, datatype: float64}
# - {name: GroupID, datatype: int64}
# - {name: GroupSize, datatype: int64}
# - {name: Separation, datatype: float64}
# - {name: beta_UV, datatype: float64}
# - {name: beta_opt, datatype: float64}
# - {name: beta_277356, datatype: float64}
# - {name: beta_277410, datatype: float64}
# - {name: F115_mag, datatype: float64}
# - {name: F150_mag, datatype: float64}
# - {name: F200_mag, datatype: float64}
# - {name: F277_mag, datatype: float64}
# - {name: F356_mag, datatype: float64}
# - {name: F410_mag, datatype: float64}
# - {name: F444_mag, datatype: float64}
# - {name: method, datatype: string}
# - {name: compact, datatype: bool}
# schema: astropy-2.0
jname ndup uid ra dec file root srcid nGr Grating grade zfit z comment References nRef sn50 wmin wmax Lya Ha OIII L_Ha L_OIII HST NIRCam slit FITS Fnu Flam ID_1 RA_1 DEC_1 X Y isoarea_SE class_starSE flags_SE r50_SE f_autoSE e_autoSE a_f001w ell_f001w theta_f001w rKron_f001w f_f435w f_f606w f_f775w f_f814w f_f105w f_f125w f_f140w f_f160w f_f090w f_f115w f_f150w f_f200w f_f277w f_f356w f_f410m f_f444w e_f435w e_f606w e_f775w e_f814w e_f105w e_f125w e_f140w e_f160w e_f090w e_f115w e_f150w e_f200w e_f277w e_f356w e_f410m e_f444w apopt flag_1 ID_2 RA_2 DEC_2 zspec zphot EAzY_eazy_v13 EAzY_Larson EAzY_LarsonLyaRed flag_2 Separation_2 GroupID GroupSize Separation beta_UV beta_opt beta_277356 beta_277410 F115_mag F150_mag F200_mag F277_mag F356_mag F410_mag F444_mag method compact
[from data line 139]
j021729.48m050653.55 2 19909 34.372834 -5.114874 rubies-uds31-nod-v3_prism-clear_4233_164579.spec.fits rubies-uds31-nod-v3 164579 1 G395M 3 2.9143 2.9139999999999997 "Redshift matches rubies-uds31-v3_g395m-f290lp_4233_164579 z=2.9103" - 0 19.45 0.6 5.29 "" 21.2 4.1 42.02 41.42 "" "" "" "FITS   zfit   spl" "" "" 115442 34.372825 -5.114878 20434.674 26330.531 3493.0 0.03 2.0 8.158 4.85844 0.0101 12.349437 0.457169 25.456527 98.795494 -0.00437 -0.0314 0.0 0.02495 0.0 0.0 0.0 0.0 0.02416 0.012 0.13525 0.43975 1.72411 3.58128 5.75579 7.05195 0.03526 0.01812 -99.0 0.01924 -99.0 -99.0 -99.0 -99.0 0.01244 0.01232 0.01067 0.00979 0.01139 0.01501 0.02207 0.01537 0.33 205 115442 34.372825 -5.114878 -99.0 3.75 4.063 3.978 3.978 205 0.0 3955 3 0.03533802845654089 -2.3203628436961896 2.030042346284123 1.2126812575919448 1.265648421366378 28.702046884880936 26.07215681555348 24.79198537967625 23.308587572976332 22.514904306587034 21.999737649201734 21.779226939032 KOV24 False
j021756.13m050921.20 2 19971 34.483874 -5.155889 rubies-uds32-v3_prism-clear_4233_135498.spec.fits rubies-uds32-v3 135498 1 G395M 3 2.9979 1.742 "interactive fit -1 178 1.3 17 red" - 0 22.31 0.6 5.29 "" -0.1 -1.9 "" "" "" "" "" "FITS   zfit   spl" "" "" 90227 34.483858 -5.155914 7164.589 21404.977 6977.0 0.03 2.0 19.094 8.77888 0.01334 26.58597 0.714242 -27.740975 212.687759 -0.08624 0.07917 0.0 0.15991 0.0 0.58358 0.91423 0.8861 0.11501 0.36104 0.7041 1.3143 3.4977 6.74176 9.62251 11.84168 0.11051 0.03377 -99.0 0.04174 -99.0 0.0196 0.10961 0.02192 0.02772 0.02785 0.02384 0.02144 0.02196 0.02654 0.04157 0.02891 0.33 202 90227 34.483858 -5.155914 1.742 1.742 1.742 1.742 1.742 202 0.0 "" "" 0.10672846890258716 -0.7300951032037595 0.04720417315962 0.6153081794890867 0.58071206704054 25.006111698719774 24.280914139204363 23.603263730255403 22.54054360744915 21.828066779986624 21.441779072253325 21.216466697797255 Both False
j021748.14m050828.14 2 20115 34.450583 -5.141151 rubies-uds32-nod-v3_prism-clear_4233_146113.spec.fits rubies-uds32-nod-v3 146113 1 G395M 3 2.2113 2.21115 "Redshift matches rubies-uds32-v3_prism-clear_4233_146113 z=2.2110" - 0 13.42 0.6 5.29 "" 8.5 -0.1 41.59 "" "" "" "" "FITS   zfit   spl" "" "" 99815 34.450567 -5.141173 11143.118 23174.559 2299.0 0.03 0.0 9.089 3.05816 0.00806 10.839417 0.487231 -66.437028 86.71534 0.12514 0.05936 0.0 0.11733 0.0 0.26158 0.0 0.49459 0.01106 0.14512 0.38796 0.83699 1.54677 2.70122 3.57532 3.95831 0.05622 0.01845 -99.0 0.02218 -99.0 0.02881 -99.0 0.02576 0.01533 0.01487 0.01262 0.01096 0.00989 0.00992 0.01648 0.01159 1.32 3 99815 34.450567 -5.141173 -99.0 2.35 2.36 2.281 2.281 3 0.0 4053 3 0.09779447143186917 -1.6592187731462944 0.8319316164966079 0.22202172830754496 0.13670254830006107 25.995681825709948 24.928032623352046 24.093199326853057 23.42643564942477 22.821100108491844 22.516712704227352 22.406225491204964 KOV24 False
j021800.12m050738.15 2 20204 34.500496 -5.127265 rubies-uds32-nod-v3_prism-clear_4233_156165.spec.fits rubies-uds32-nod-v3 156165 1 G395M 3 2.769 2.76875 "Redshift matches rubies-uds32-v3_prism-clear_4233_156165 z=2.7685" - 0 5.32 0.6 5.29 "" 24.4 22.0 42.43 42.18 "" "" "" "FITS   zfit   spl" "" "" 108075 34.500488 -5.127287 5176.395 24839.836 1342.0 0.86 3.0 13.784 1.026 0.01139 10.188708 0.136786 -5.077322 81.509666 0.0 0.0 0.0 0.14041 0.0 0.06874 0.0 0.09389 0.05959 0.0535 0.14465 0.43007 0.96739 0.98278 1.1858 1.23374 -99.0 -99.0 -99.0 0.07857 -99.0 0.02607 -99.0 0.03355 0.01082 0.01114 0.01013 0.0086 0.00924 0.00803 0.01265 0.00875 0.33 305 108075 34.500488 -5.127287 -99.0 4.175 3.909 4.127 4.127 305 0.0 4083 3 0.08423452673086819 -3.405996058310009 0.997354017516265 -0.6559565674317339 -0.6611251682711675 27.079115544946927 25.999203905039995 24.816152127681654 23.935996015666575 23.91885922545857 23.714971384977638 23.671940886134884 KOV24 False
j021754.16m050652.00 2 20254 34.475668 -5.114445 rubies-uds32-nod-v3_prism-clear_4233_164860.spec.fits rubies-uds32-nod-v3 164860 1 G395M 3 2.627 2.62695 "Redshift matches rubies-uds32-v3_g395m-f290lp_4233_164860 z=2.6243" - 0 5.9 0.6 5.29 "" 13.7 -0.1 41.57 "" "" "" "" "FITS   zfit   spl" "" "" 116092 34.475658 -5.114469 8143.85 26378.557 839.0 0.07 3.0 4.899 0.79269 0.00662 5.685356 0.199564 80.293205 45.482849 0.01609 0.00164 0.0 -0.01062 0.0 0.0 0.0 0.0 0.00907 0.0126 0.06644 0.15248 0.36353 0.6339 0.87283 1.08599 0.01758 0.01078 -99.0 0.01137 -99.0 -99.0 -99.0 -99.0 0.00881 0.0091 0.00779 0.00689 0.00637 0.00629 0.01019 0.0072 0.33 305 116092 34.475658 -5.114469 -99.0 2.275 3.046 2.816 2.816 305 0.0 4109 3 0.09354496652806024 -0.6589374451097472 0.7706528772119636 0.2160226489296634 0.23358942077001685 28.64907363720609 26.843925940551607 25.94196779176437 24.998649358870367 24.39494812057006 24.047675837618524 23.810435434484905 KOV24 False
j021754.43m051739.08 2 20316 34.476799 -5.294189 rubies-uds33-nod-v3_prism-clear_4233_15803.spec.fits rubies-uds33-nod-v3 15803 1 G395M 3 2.597 2.5968 "Redshift matches rubies-uds33-v3_prism-clear_4233_15803 z=2.5966" - 0 9.66 0.6 5.29 "" 4.8 0.1 41.51 39.72 "" "" "" "FITS   zfit   spl" "" "" 13384 34.476808 -5.294206 8009.987 4810.062 2023.0 0.03 0.0 9.937 2.5823 0.01143 11.578065 0.507577 -71.569808 92.624519 -0.03373 0.05187 0.0 0.05372 0.0 0.0 0.0 0.0 -0.02617 0.11408 0.11841 0.48761 1.20681 2.18857 2.92432 3.67994 0.04672 0.02773 -99.0 0.03357 -99.0 -99.0 -99.0 -99.0 0.02188 0.02317 0.01911 0.01592 0.01403 0.01337 0.02291 0.01744 1.32 105 13384 34.476808 -5.294206 -99.0 3.775 3.762 3.58 3.58 105 0.0 4131 3 0.06918282049010807 -0.7428896291610257 1.7651252678317184 0.3724052355760101 0.2570567716217626 26.25697621873052 26.216529047212056 24.67981849091815 23.69590274946017 23.049598895499503 22.734937763767185 22.485398155681246 Both False
j021758.37m051605.77 2 20427 34.493195 -5.26827 rubies-uds33-nod-v3_prism-clear_4233_31432.spec.fits rubies-uds33-nod-v3 31432 1 G395M 2 2.2514 2.25105 "very red" - 0 12.8 0.6 5.29 "" 3.6 0.0 40.96 "" "" "" "" "FITS   zfit   spl" "" "" 27345 34.493187 -5.268289 6052.256 7919.706 5850.0 0.03 3.0 20.638 6.80098 0.01768 16.91647 0.083367 11.814357 135.331757 -0.04687 0.0698 0.0 0.17711 0.0 0.37673 0.0 0.88996 0.00778 0.08176 0.73051 1.69265 3.34163 5.28 6.53113 7.45555 0.07823 0.04444 -99.0 0.06904 -99.0 0.05941 -99.0 0.06689 0.03285 0.03634 0.02914 0.02665 0.02463 0.02559 0.04154 0.02917 0.33 303 27345 34.493187 -5.268289 -99.0 2.5 2.55 2.337 2.304 303 0.0 4176 2 0.07416877489080255 -1.823357840234011 2.8079516109146483 -0.17679045640674856 -0.2911157851676269 26.618647793023406 24.240934586507326 23.32858208609639 22.59010409694893 22.093415193665468 21.86252917916006 21.718800782219503 KOV24 False
j021749.29m051354.53 2 20547 34.455376 -5.231814 rubies-uds33-v3_prism-clear_4233_53692.spec.fits rubies-uds33-v3 53692 1 G395M 3 5.2807 5.2807 "" "DKo24  z=N/A" 1 1.74 0.6 5.29 4.8 16.1 "" 41.88 41.52 "" "" "" "FITS   zfit   spl" "" "" 48333 34.455358 -5.231831 10572.049 12295.454 145.0 0.98 0.0 3.327 0.07847 0.00465 3.094608 0.231125 -14.905503 24.756861 0.00715 0.00705 0.0 0.0113 0.0 0.01697 0.00183 0.00572 0.00394 0.00325 0.00595 0.00519 0.02605 0.07187 0.13809 0.13621 0.01051 0.00508 -99.0 0.00586 -99.0 0.00638 0.04633 0.0064 0.00745 0.00717 0.00604 0.005 0.00379 0.00378 0.00715 0.00508 0.28 2 48333 34.455358 -5.231831 -99.0 7.125 7.17 5.074 5.074 2 0.0 4237 2 0.08893573914963901 -4.514681557248841 1.5528436394798093 2.456261391452706 1.7137989569806742 30.120291597552814 29.463707585678623 29.612081605378854 27.86048068091114 26.75863088785813 26.049594425965907 26.06447751766979 KOV24 True
j021753.07m051125.56 3 20651 34.471129 -5.190433 gto-wide-uds11-v3_prism-clear_1215_4994.spec.fits gto-wide-uds11-v3 4994 2 "G235H   G395H" 3 5.505 5.505 "broad Ha with absorption maybe" "DKo24  z=N/A" 1 6.78 0.6 5.29 2.5 65.2 "" 43.2 42.64 "" "" "" "FITS   zfit   spl" "" "" 70634 34.471106 -5.190455 8689.347 17260.254 371.0 0.99 0.0 2.974 0.49229 0.00615 3.406193 0.053594 44.941633 27.249546 -0.00131 -0.00311 0.0 0.03059 0.0 0.07828 0.08345 0.046 0.0327 0.04576 0.06271 0.05085 0.13623 0.33935 1.11805 0.82204 0.01405 0.0047 -99.0 0.00559 -99.0 0.01626 0.02379 0.00997 0.01124 0.01086 0.00888 0.00723 0.00547 0.00621 0.0182 0.00752 0.33 10002 70634 34.471106 -5.190455 -99.0 7.525 7.254 5.389 5.392 10002 0.0 1249 2 0.11433446785564579 -1.5111054203199046 0.5030048550159012 0.5305940814964399 0.7468712466413604 27.248784960537577 26.906657998061625 27.134272606853088 26.064318108448425 25.073380366181286 23.77884693513441 24.11276762355675 Both True
j021732.40m050923.16 3 20686 34.384987 -5.156434 gto-wide-uds13-v3_prism-clear_1215_112.spec.fits gto-wide-uds13-v3 112 2 "G235H   G395H" 3 2.4756 2.4756 red - 0 5.01 0.6 5.29 "" 8.1 1.2 41.57 40.91 "" "" "" "FITS   zfit   spl" "" "" 90578 34.385036 -5.156393 18975.354 21348.74 1664.0 0.03 0.0 6.902 1.22845 0.0062 9.445077 0.428677 -15.531834 75.560616 -0.03647 0.00636 0.0 0.03716 0.0 0.03932 0.0 0.07977 0.04863 0.06221 0.12096 0.31027 0.62044 1.08566 1.47941 1.73856 0.02715 0.01527 -99.0 0.01768 -99.0 0.03149 -99.0 0.02521 0.01568 0.01549 0.01271 0.01078 0.00813 0.00767 0.01341 0.01031 1.32 3 90578 34.385036 -5.156393 -99.0 3.775 3.418 3.728 3.728 3 0.0 1315 3 0.22945886887558106 -1.6253296512309214 1.449224100596153 0.2299122453996792 0.2159700685486941 26.915349496643323 26.19339555460717 25.170650535776254 24.41825052706838 23.810765407501115 23.47477862507936 23.29952579161593 Both False
j021722.44m050805.23 3 20818 34.34351 -5.134787 gto-wide-uds13-v3_prism-clear_1215_865.spec.fits gto-wide-uds13-v3 865 2 "G235H   G395H" 3 3.221 3.221 "" - 0 20.81 0.6 5.29 "" 24.2 -0.1 41.99 "" "" "" "" "FITS   zfit   spl" "" "" 103514 34.34352 -5.13476 23937.195 23944.633 2064.0 0.03 2.0 6.206 2.27781 0.00766 8.085115 0.251736 42.780253 64.680923 -0.01158 0.00065 0.0 -0.00589 0.0 0.0488 0.02139 0.05568 -0.00657 0.00076 0.04353 0.16941 0.80026 1.64331 2.87363 3.70433 0.0183 0.00963 -99.0 0.00959 -99.0 0.02613 0.03546 0.01886 0.00822 0.0083 0.00716 0.00653 0.00773 0.00833 0.01454 0.01031 0.33 202 103514 34.34352 -5.13476 -99.0 3.75 4.19 4.299 4.299 202 0.0 "" "" 0.10360240825987059 -1.8392058839222052 2.487384101729142 1.2110452556348719 1.4797737128927533 31.697966019298022 27.303028332106503 25.827652393858646 24.141922225581617 23.36070125484825 22.75392287765025 22.478225827926703 KOV24 False
j021741.35m051502.55 3 20829 34.422312 -5.250709 gto-wide-uds12-v3_prism-clear_1215_1259.spec.fits gto-wide-uds12-v3 1259 2 "G235H   G395H" 3 5.9635 5.968 "broad Ha LAE" "DKo24  z=N/A" 1 3.21 0.6 5.29 8.2 44.5 "" 42.95 42.7 "" "" "" "FITS   zfit   spl" "" "" 38115 34.422285 -5.250724 14524.453 10028.743 430.0 0.99 0.0 3.139 0.44634 0.00403 3.697767 0.114863 60.835922 29.58214 0.00976 -0.00811 0.0 0.05562 0.0 0.07791 0.09866 0.07666 0.10093 0.09213 0.07155 0.09701 0.14738 0.35758 0.31899 0.72792 0.01632 0.00748 -99.0 0.00943 -99.0 0.00472 0.02663 0.00685 0.00662 0.00656 0.00541 0.00458 0.00451 0.00427 0.00722 0.00566 0.5 10002 38115 34.422285 -5.250724 5.968 5.968 5.968 5.968 5.968 10002 0.0 1305 2 0.11083643798516198 -1.8979817107276489 0.07874218324519577 -0.1400508724314204 -0.03094264484894526 26.48899732209317 26.76347590476051 26.432958738536158 25.978903619533067 25.01656694988983 25.140557328508233 24.244790869944325 Both True
j021705.99m051539.61 3 20939 34.274965 -5.261001 gto-wide-uds14-v3_prism-clear_1215_1693.spec.fits gto-wide-uds14-v3 1693 2 "G235H   G395H" 3 2.3137 2.3137 "" - 0 4.87 0.6 5.29 "" 13.3 7.0 41.62 41.52 "" "" "" "FITS   zfit   spl" "" "" 32368 34.274948 -5.260971 32130.58 8798.533 486.0 0.31 0.0 4.894 0.38745 0.00581 5.189667 0.301563 -76.778341 41.517338 0.03397 0.02479 0.0 0.0306 0.0 0.04759 0.0 0.19252 0.04551 0.05414 0.14582 0.21537 0.29498 0.35991 0.3938 0.43905 0.0169 0.00842 -99.0 0.00895 -99.0 0.01394 -99.0 0.01269 0.00919 0.0092 0.00772 0.00677 0.00599 0.00561 0.00951 0.00706 0.5 3 32368 34.274948 -5.260971 -99.0 2.35 2.348 2.651 2.651 3 0.0 1450 2 0.1240078631384669 -0.7167525738991728 0.7235082423955164 -1.2071105736676453 -1.263181863433893 27.06620437141378 25.990457265251685 25.567036979868092 25.225518571784153 25.009515216067882 24.91181072049475 24.793715046276315 KOV24 False
j021704.97m051303.61 3 20969 34.270712 -5.217671 gto-wide-uds14-v3_prism-clear_1215_4446.spec.fits gto-wide-uds14-v3 4446 2 "G235H   G395H" 3 4.691 4.6909 "Broad Ha LAE" "DKo24  z=N/A" 1 10.76 0.6 5.29 14.3 77.4 "" 43.25 42.89 "" "" "" "FITS   zfit   spl" "" "" 55620 34.270694 -5.217642 32639.688 13997.904 473.0 0.99 2.0 3.171 0.81262 0.00808 3.735558 0.047491 54.929193 29.884466 0.00048 0.02702 0.0 0.05284 0.0 0.07445 0.09908 0.09363 0.06673 0.0745 0.09555 0.11087 0.38968 1.00687 0.70001 0.80394 0.00801 0.00437 -99.0 0.0044 -99.0 0.01234 0.02541 0.01154 0.0119 0.01529 0.00971 0.008 0.00725 0.00924 0.01781 0.00909 0.33 10202 55620 34.270694 -5.217642 -99.0 5.375 5.787 4.634 4.687 10202 0.0 1419 3 0.12273415984287823 -1.202634415917623 0.5220482422235927 0.5795177244634006 0.626685497148654 26.719609318129265 26.44942327152242 26.287964881178404 24.923229708590714 23.892566497218834 24.287239389557936 24.136940906242252 Both True
j021713.03m051318.83 3 20975 34.304292 -5.221898 gto-wide-uds14-v3_prism-clear_1215_4806.spec.fits gto-wide-uds14-v3 4806 2 "G235H   G395H" 3 2.0879 2.0879 "" - 0 33.22 0.6 5.29 "" 3.1 -0.3 41.08 "" "" "" "" "FITS   zfit   spl" "" "" 53019 34.304271 -5.221865 28627.031 13491.694 2138.0 0.67 0.0 5.167 5.58695 0.01049 7.152548 0.255439 1.043984 57.220387 0.06327 0.05997 0.0 0.07514 0.0 0.79913 0.0 1.6888 0.15408 0.55634 1.69705 2.67179 3.92398 5.28643 6.10106 6.30407 0.02565 0.01315 -99.0 0.01356 -99.0 0.02663 -99.0 0.02454 0.02397 0.02366 0.01996 0.01722 0.01602 0.01417 0.02449 0.01684 1.32 3 53019 34.304271 -5.221865 -99.0 2.05 2.162 2.234 2.234 3 0.0 "" "" 0.14064657007871434 -1.0278395956763846 0.8508918167870456 -0.8121920820397418 -0.8744926003456094 24.536649284559402 23.325763404806573 22.832994199908605 22.415683037067996 22.09209378526957 21.936486759949457 21.90094743278223 KOV24 False
j141932.83p525119.39 7 21716 214.886792 52.855381 rubies-egs62-nod-v3_prism-clear_4233_42232.spec.fits rubies-egs62-nod-v3 42232 1 G395M 3 4.9657 4.95 "Redshift matches rubies-egs62-v3_g395m-f290lp_4233_42232 z=4.9546" "DKo24  z=4.950" 1 3.59 0.6 5.29 0.2 46.4 "" 42.72 41.85 "" "" "" "FITS   zfit   spl" "" "" 48171 214.886795 52.855376 25307.938 8404.452 581.0 0.99 2.0 3.065 0.38206 0.00329 4.114421 0.153676 17.499325 32.915371 0.0 -2e-05 0.0 0.00365 0.0 0.01123 0.0 0.03724 0.0 0.01765 0.02368 0.02547 0.12008 0.33886 0.57542 0.44917 -99.0 0.00409 -99.0 0.00437 -99.0 0.01113 -99.0 0.00943 -99.0 0.00278 0.00331 0.00282 0.00235 0.00234 0.00528 0.00318 0.33 10214 48171 214.886795 52.855376 4.95 4.95 4.95 4.95 4.95 10214 0.0 3388 6 0.01914492207295237 -0.7334639104275509 0.2973557993349828 0.876154466009639 0.47335781555550976 28.283138225690394 27.964045754872792 27.884927637590962 26.201323301911962 25.074949233738238 24.500037618285383 24.768973144770573 Both True
