catalog/all_nirspechighz_LRD_z2.ecsv
# %ECSV 1.0
# ---
# datatype:
# - {name: jname, datatype: string}
# - {name: ndup, datatype: int64}
# - {name: uid, datatype: int64}
# - {name: ra, datatype: float64}
# - {name: dec, datatype: float64}
# - {name: file, datatype: string}
# - {name: root, datatype: string}
# - {name: srcid, datatype: int64}
# - {name: nGr, datatype: int64}
# - {name: Grating, datatype: string}
# - {name: grade, datatype: int64}
# - {name: zfit, datatype: float64}
# - {name: z, datatype: float64}
# - {name: comment, datatype: string}
# - {name: References, datatype: string}
# - {name: nRef, datatype: int64}
# - {name: sn50, datatype: float64}
# - {name: wmin, datatype: float64}
# - {name: wmax, datatype: float64}
# - {name: Lya, datatype: float64}
# - {name: Ha, datatype: float64}
# - {name: OIII, datatype: float64}
# - {name: L_Ha, datatype: float64}
# - {name: L_OIII, datatype: float64}
# - {name: HST, datatype: int64}
# - {name: NIRCam, datatype: int64}
# - {name: slit, datatype: int64}
# - {name: FITS, datatype: string}
# - {name: Fnu, datatype: int64}
# - {name: Flam, datatype: int64}
# - {name: ID_1, datatype: int64}
# - {name: RA_1, datatype: float64}
# - {name: DEC_1, datatype: float64}
# - {name: X, datatype: float64}
# - {name: Y, datatype: float64}
# - {name: isoarea_SE, datatype: float64}
# - {name: class_starSE, datatype: float64}
# - {name: flags_SE, datatype: float64}
# - {name: r50_SE, datatype: float64}
# - {name: f_autoSE, datatype: float64}
# - {name: e_autoSE, datatype: float64}
# - {name: a_f001w, datatype: float64}
# - {name: ell_f001w, datatype: float64}
# - {name: theta_f001w, datatype: float64}
# - {name: rKron_f001w, datatype: float64}
# - {name: f_f435w, datatype: float64}
# - {name: f_f606w, datatype: float64}
# - {name: f_f775w, datatype: float64}
# - {name: f_f814w, datatype: float64}
# - {name: f_f105w, datatype: float64}
# - {name: f_f125w, datatype: float64}
# - {name: f_f140w, datatype: float64}
# - {name: f_f160w, datatype: float64}
# - {name: f_f090w, datatype: float64}
# - {name: f_f115w, datatype: float64}
# - {name: f_f150w, datatype: float64}
# - {name: f_f200w, datatype: float64}
# - {name: f_f277w, datatype: float64}
# - {name: f_f356w, datatype: float64}
# - {name: f_f410m, datatype: float64}
# - {name: f_f444w, datatype: float64}
# - {name: e_f435w, datatype: float64}
# - {name: e_f606w, datatype: float64}
# - {name: e_f775w, datatype: float64}
# - {name: e_f814w, datatype: float64}
# - {name: e_f105w, datatype: float64}
# - {name: e_f125w, datatype: float64}
# - {name: e_f140w, datatype: float64}
# - {name: e_f160w, datatype: float64}
# - {name: e_f090w, datatype: float64}
# - {name: e_f115w, datatype: float64}
# - {name: e_f150w, datatype: float64}
# - {name: e_f200w, datatype: float64}
# - {name: e_f277w, datatype: float64}
# - {name: e_f356w, datatype: float64}
# - {name: e_f410m, datatype: float64}
# - {name: e_f444w, datatype: float64}
# - {name: apopt, datatype: float64}
# - {name: flag_1, datatype: int64}
# - {name: ID_2, datatype: int64}
# - {name: RA_2, datatype: float64}
# - {name: DEC_2, datatype: float64}
# - {name: zspec, datatype: float64}
# - {name: zphot, datatype: float64}
# - {name: EAzY_eazy_v13, datatype: float64}
# - {name: EAzY_Larson, datatype: float64}
# - {name: EAzY_LarsonLyaRed, datatype: float64}
# - {name: flag_2, datatype: int64}
# - {name: Separation_2, datatype: float64}
# - {name: GroupID, datatype: int64}
# - {name: GroupSize, datatype: int64}
# - {name: Separation, datatype: float64}
# - {name: beta_UV, datatype: float64}
# - {name: beta_opt, datatype: float64}
# - {name: beta_277356, datatype: float64}
# - {name: beta_277410, datatype: float64}
# - {name: F115_mag, datatype: float64}
# - {name: F150_mag, datatype: float64}
# - {name: F200_mag, datatype: float64}
# - {name: F277_mag, datatype: float64}
# - {name: F356_mag, datatype: float64}
# - {name: F410_mag, datatype: float64}
# - {name: F444_mag, datatype: float64}
# - {name: method, datatype: string}
# - {name: compact, datatype: bool}
# schema: astropy-2.0
jname ndup uid ra dec file root srcid nGr Grating grade zfit z comment References nRef sn50 wmin wmax Lya Ha OIII L_Ha L_OIII HST NIRCam slit FITS Fnu Flam ID_1 RA_1 DEC_1 X Y isoarea_SE class_starSE flags_SE r50_SE f_autoSE e_autoSE a_f001w ell_f001w theta_f001w rKron_f001w f_f435w f_f606w f_f775w f_f814w f_f105w f_f125w f_f140w f_f160w f_f090w f_f115w f_f150w f_f200w f_f277w f_f356w f_f410m f_f444w e_f435w e_f606w e_f775w e_f814w e_f105w e_f125w e_f140w e_f160w e_f090w e_f115w e_f150w e_f200w e_f277w e_f356w e_f410m e_f444w apopt flag_1 ID_2 RA_2 DEC_2 zspec zphot EAzY_eazy_v13 EAzY_Larson EAzY_LarsonLyaRed flag_2 Separation_2 GroupID GroupSize Separation beta_UV beta_opt beta_277356 beta_277410 F115_mag F150_mag F200_mag F277_mag F356_mag F410_mag F444_mag method compact
[from data line 156]
j141934.14p525238.67 4 21722 214.892248 52.87741 rubies-egs63-nod-v3_prism-clear_4233_49140.spec.fits rubies-egs63-nod-v3 49140 1 G395M 3 6.6842 6.684 "Redshift matches rubies-egs63-v3_g395m-f290lp_4233_49140 z=6.6848" "DKo24  z=6.690" 1 13.48 0.93 5.29 -3.1 35.1 "" 43.53 42.86 "" "" "" "FITS   zfit   spl" "" "" 55630 214.892238 52.877407 23037.904 9815.663 649.0 0.99 3.0 3.209 0.622 0.00282 4.049213 0.057207 34.271579 32.393703 0.0 -0.00136 0.0 -0.00231 0.0 0.04918 0.0 0.05478 0.0 0.047 0.06149 0.07366 0.13488 0.56197 0.64248 0.85965 -99.0 0.00378 -99.0 0.00412 -99.0 0.01127 -99.0 0.01066 -99.0 0.00255 0.00378 0.00218 0.00243 0.00218 0.00489 0.00306 0.33 10314 55630 214.892238 52.877407 6.684 6.684 6.684 6.684 6.684 10314 0.0 3572 3 0.024263020355824335 -0.8310968103869412 1.8480810798340055 2.7594513335734874 1.8321790016525388 27.219755355160704 26.927988767388378 26.731920713702763 26.07513110679833 24.525717170072962 24.380350967753653 24.06419583121642 Both True
j141930.28p525251.02 4 21729 214.876149 52.880831 rubies-egs63-nod-v3_prism-clear_4233_966323.spec.fits rubies-egs63-nod-v3 966323 1 G395M 3 8.3577 8.353 "Redshift matches rubies-egs63-v3_g395m-f290lp_4233_966323 z=8.3522" "ILa22  z=N/A" 1 3.13 0.6 5.29 -1.0 "" "" "" 42.8 "" "" "" "FITS   zfit   spl" "" "" 72934 214.876144 52.880825 23479.881 10969.489 202.0 0.98 2.0 2.85 0.09086 0.00211 2.762832 0.130142 -9.475003 22.102655 0.0 -0.00023 0.0 -0.00047 0.0 0.01907 0.0 0.03369 0.0 0.01177 0.03033 0.03116 0.03957 0.05484 0.11074 0.17286 -99.0 0.00342 -99.0 0.00379 -99.0 0.0106 -99.0 0.00899 -99.0 0.00266 0.00337 0.00248 0.00197 0.00172 0.00328 0.00217 0.28 314 72934 214.876144 52.880825 8.353 8.353 8.353 8.353 8.353 314 0.0 3592 3 0.024177570768781763 -1.6685364698616163 1.903381256840184 -0.6993567209026393 0.6243554988212618 28.72305884289141 27.69531897422334 27.666006377498682 27.40658487433493 27.05225638470631 26.28923870206021 25.80576372833986 KOV24 True
j141922.21p525216.35 3 21733 214.842542 52.871205 glazebrook-egs-v3_prism-clear_2565_32130.spec.fits glazebrook-egs-v3 32130 0 "" 3 7.4681 7.468 "" - 0 0.84 0.6 5.29 -0.5 "" "" "" 42.23 "" "" "" "FITS   zfit   spl" "" "" 64797 214.842555 52.871197 25935.027 12076.355 155.0 0.87 0.0 4.04 0.03983 0.00225 3.296479 0.233367 -1.155225 26.371832 0.0 -0.00404 0.0 0.00146 0.0 0.05212 0.0 0.03565 0.0 0.03945 0.0411 0.03906 0.03062 0.03118 0.08487 0.05136 -99.0 0.0042 -99.0 0.00494 -99.0 0.01139 -99.0 0.00912 -99.0 0.00267 0.00319 0.0029 0.00203 0.00187 0.00387 0.00273 0.28 14 64797 214.842555 52.871197 7.468 7.468 7.468 7.468 7.468 14 0.0 "" "" 0.040341540711403 -2.3959030277186244 0.8187278956714952 -1.927769955432566 0.5997556600671836 27.4098824811364 27.365395445309826 27.42066940262041 27.68498703409439 27.665309722867942 26.578114494558363 27.123437462348008 KOV24 True
j141919.36p525315.99 8 21738 214.830685 52.887771 ceers-v3_prism-clear_1345_20.spec.fits ceers-v3 20 3 "G140M   G235M   G395M" 3 7.7706 7.769 "Redshifts match v2 grade=3" "SFu23  z=7.769 ;  DKo24  z=N/A" 2 1.27 0.6 5.29 0.0 "" "" "" 42.03 "" "" "" "FITS   zfit   spl" "" "" 79535 214.830682 52.887771 24974.568 14018.727 125.0 0.96 3.0 3.139 0.04621 0.00251 2.459296 0.168655 -88.512364 19.67437 0.0 -0.00646 0.0 0.00501 0.0 0.02234 0.0 0.01135 0.0 0.00203 0.01369 0.01099 0.01486 0.03417 0.06613 0.08827 -99.0 0.0033 -99.0 0.00447 -99.0 0.01168 -99.0 0.00962 -99.0 0.00234 0.00287 0.00247 0.00197 0.00178 0.00354 0.00274 0.28 314 79535 214.830682 52.887771 7.769 7.769 7.769 7.769 7.769 314 0.0 235 7 0.006516484610184104 -2.343818311731663 1.3630105430123498 1.3185776793962467 1.346378172991574 30.631259905216965 28.558991379665024 28.79750576894127 28.469952976438606 27.56588755300309 26.849003693240043 26.53546718353165 Both True
j123637.70p621601.12 8 21879 189.157062 62.266976 goodsn-wide7-v3_prism-clear_1211_5802.spec.fits goodsn-wide7-v3 5802 2 "G235H   G395H" 3 2.8202 2.81 "Redshifts match v2 grade=3" - 0 2.15 0.6 5.29 "" 26.4 31.6 41.82 42.21 "" "" "" "FITS   zfit   spl" "" "" 43904 189.157041 62.26698 20530.973 16968.02 159.0 0.11 3.0 7.046 0.09982 0.00804 3.517923 0.103787 -61.683508 28.143383 0.059 0.11542 0.10585 0.12069 0.10986 0.11376 0.09926 0.15547 0.0 0.0 0.0 0.0 0.0 0.0 0.0 0.10291 0.00619 0.00602 0.0051 0.00414 0.00721 0.00809 0.01458 0.00947 -99.0 -99.0 -99.0 -99.0 -99.0 -99.0 -99.0 0.00686 0.28 370 43904 189.157041 62.26698 2.81 2.81 2.81 2.81 2.81 370 0.0 982 6 0.03801363940722408 -2.023706899278238 2.5378136610959325 -99.0 -99.0 nan nan nan nan nan nan 26.368856054498064 KOV24 False
j100024.68p022304.23 5 21900 150.102832 2.384507 cosmos-transients-v3_prism-clear_6585_66184.spec.fits cosmos-transients-v3 66184 0 "" 3 2.4881 2.486 red - 0 54.87 0.6 5.29 "" 18.0 0.6 41.7 40.23 "" "" "" "FITS   zfit   spl" "" "" 90704 150.102825 2.384514 15809.44 28475.516 2274.0 0.03 0.0 6.508 4.55752 0.00467 7.568527 0.140475 84.734824 60.548218 -0.01643 -0.02855 0.0 -0.02477 0.01073 0.04844 0.15718 0.24416 0.01159 0.05469 0.22302 0.67513 1.80259 3.51683 4.58352 5.2723 0.00834 0.01682 -99.0 0.01596 0.0244 0.02673 0.05508 0.02386 0.01526 0.01401 0.01333 0.01113 0.00742 0.00755 0.00711 0.0055 1.32 1 90704 150.102825 2.384514 2.486 2.486 2.486 2.486 2.486 1 0.0 118 4 0.03562275582276581 -3.475142731842698 2.126522241588607 0.6636120793705582 0.3798734301663988 27.055230191563403 25.529140471301574 24.326531483305317 23.26025760635823 22.53462156132758 22.247002173209367 22.094999714624965 KOV24 False
j141941.79p525056.57 3 21925 214.924125 52.849047 ceers-v3_prism-clear_1345_80457.spec.fits ceers-v3 80457 0 "" 3 4.2227 4.223 "Redshifts match v2 grade=3" - 0 8.22 0.6 5.29 -0.8 19.1 "" 42.05 42.14 "" "" "" "FITS   zfit   spl" "" "" 31837 214.924124 52.849048 24134.586 5851.534 788.0 0.98 2.0 3.974 0.56509 0.00369 6.724501 0.451202 -17.472204 53.796009 0.0 0.0126 0.0 0.02937 0.0 0.04193 0.0 0.05161 0.0 0.04325 0.05135 0.081 0.33409 0.6155 0.53288 0.60817 -99.0 0.0063 -99.0 0.00685 -99.0 0.01209 -99.0 0.01076 -99.0 0.00243 0.00444 0.00358 0.00363 0.00281 0.00548 0.00364 0.33 214 31837 214.924124 52.849048 4.223 4.223 4.223 4.223 4.223 214 0.0 341 4 0.004205557830211989 -1.1200744899326942 0.7357120039856992 0.5592639915036239 -0.3696674166981937 27.310034720497917 27.123648880166755 26.628787452803373 25.090341308733276 24.42692985683166 24.583426448377992 24.43993751669394 Both True
j141942.18p525506.84 5 21950 214.925721 52.918606 gto-wide-egs1-v3_prism-clear_1213_3661.spec.fits gto-wide-egs1-v3 3661 2 "G235H   G395H" 3 3.2194 3.216133333333333 "Redshifts match v2 grade=3" - 0 2.8 0.6 5.29 "" 14.3 4.9 41.98 41.69 "" "" "" "FITS   zfit   spl" "" "" 71215 214.925755 52.918522 17707.301 11162.607 1867.0 0.03 0.0 8.182 1.25609 0.00525 10.165885 0.461998 -44.409588 81.32708 0.0 0.03627 0.0 0.0731 0.0 0.09212 0.0 0.21413 0.0 0.05391 0.11867 0.3496 0.746 1.01625 1.45664 1.60953 -99.0 0.01134 -99.0 0.01554 -99.0 0.02622 -99.0 0.02291 -99.0 0.00949 0.01141 0.00639 0.00761 0.00652 0.01363 0.00708 1.32 14 71215 214.925755 52.918522 -99.0 3.5 3.481 3.483 3.483 14 0.0 1067 5 0.3112753620637517 -0.9352161815072184 0.21792448788443053 0.17177403264176436 0.3076979066681843 27.07082667042841 26.214147644087305 25.041071440094086 24.218152931318325 23.882498603494685 23.491619420732697 23.38325231024021 KOV24 False
j141938.46p525136.44 5 21967 214.910238 52.860169 gto-wide-egs1-v3_prism-clear_1213_6401.spec.fits gto-wide-egs1-v3 6401 2 "G235H   G395H" 1 6.8977 6.8978 "" - 0 0.26 0.6 5.29 -2.3 1.7 "" 41.28 41.35 "" "" "" "FITS   zfit   spl" "" "" 43510 214.910281 52.860075 23776.297 7472.884 248.0 0.99 2.0 6.684 0.0958 0.00417 3.327784 0.165278 -31.004555 26.622269 0.0 0.00282 0.0 0.00015 0.0 0.02184 0.0 0.01351 0.0 0.07109 0.03789 0.02717 0.01328 0.04004 0.14769 0.11403 -99.0 0.00368 -99.0 0.00377 -99.0 0.01097 -99.0 0.00942 -99.0 0.00202 0.00293 0.00239 0.00192 0.00146 0.00386 0.0028 0.28 14 43510 214.910281 52.860075 -99.0 7.475 7.503 7.257 7.333 14 0.0 1124 3 0.3510695089588337 -3.2257247224344767 2.8372588095527367 2.0940459453988987 3.5824734795898667 26.770478714429405 27.453688486812517 27.814775903955272 28.59200481242 27.393764827981798 25.976622273768953 26.25745218919308 KOV24 False
j021729.96m051631.90 4 22015 34.374854 -5.275528 rubies-uds41-nod-v3_prism-clear_4233_26611.spec.fits rubies-uds41-nod-v3 26611 1 G395M 3 5.1349 5.128875000000001 "Redshift matches rubies-uds41-v3_prism-clear_4233_26611 z=5.1317" "DKo24  z=N/A" 1 0.77 0.6 5.29 1.3 9.5 "" 41.78 41.87 "" "" "" "FITS   zfit   spl" "" "" 24534 34.374823 -5.275528 20196.047 7052.577 84.0 0.97 0.0 3.231 0.04764 0.0045 2.079988 0.091502 -1.368928 16.639908 -0.01269 0.00814 0.0 0.00647 0.0 0.02486 0.02495 0.02757 0.00629 0.01101 0.0104 0.01586 0.027 0.03168 0.07143 0.08186 0.01361 0.0073 -99.0 0.0077 -99.0 0.01327 0.01125 0.01217 0.00581 0.0061 0.00506 0.00419 0.00349 0.00309 0.00557 0.00428 0.28 2 24534 34.374823 -5.275528 -99.0 9.325 7.218 5.114 5.116 2 0.0 4375 6 0.1111272691473104 -0.8400795357793847 0.4858166610855464 -0.35848708809715396 0.1830753401894115 28.79553170257062 28.85741665175305 28.399242042546035 27.82159058960253 27.64803706770636 26.765298374688644 26.617320649226873 KOV24 True
j021741.78m051558.47 2 22024 34.424081 -5.266243 rubies-uds41-nod-v3_prism-clear_4233_32459.spec.fits rubies-uds41-nod-v3 32459 0 "" 3 7.2971 7.297000000000001 "Redshift matches rubies-uds41-v3_prism-clear_4233_32459 z=7.2969" - 0 0.63 0.6 5.29 -1.0 "" "" "" 42.16 "" "" "" "FITS   zfit   spl" "" "" 29677 34.424053 -5.266256 14313.312 8164.92 118.0 0.51 0.0 4.016 0.03687 0.00229 2.988298 0.222525 -6.832608 23.906382 0.00116 -0.00524 0.0 -0.00209 0.0 0.0262 0.01564 0.0327 -0.0023 0.02828 0.02515 0.02325 0.02263 0.02296 0.0621 0.04397 0.00956 0.00453 -99.0 0.00484 -99.0 0.00348 0.03153 0.005 0.0036 0.00371 0.00302 0.00253 0.00198 0.00188 0.00328 0.00243 0.28 2 29677 34.424053 -5.266256 -99.0 7.3 7.324 7.268 7.46 2 0.0 4403 3 0.11074874100802035 -2.2631180714282113 0.4759113186896323 -1.9423023165667632 -0.548873319755583 27.771301487187845 27.89865502652013 27.983942606935067 28.013288615113176 27.99757029068516 26.917270999558546 27.292108835950735 KOV24 True
j021742.94m051545.60 2 22026 34.428902 -5.262666 rubies-uds41-nod-v3_prism-clear_4233_34668.spec.fits rubies-uds41-nod-v3 34668 0 "" 3 7.2921 7.292 "Redshift matches rubies-uds41-v3_prism-clear_4233_34668 z=7.2919" - 0 0.84 0.6 5.29 -1.9 "" "" "" 42.64 "" "" "" "FITS   zfit   spl" "" "" 31627 34.428878 -5.262689 13736.782 8592.935 107.0 0.95 0.0 3.702 0.0445 0.00344 2.823517 0.230641 83.267754 22.588137 0.00669 0.00343 0.0 -0.0025 0.0 0.01693 0.03552 0.01964 0.00251 0.01646 0.02149 0.01782 0.02065 0.02517 0.10802 0.06684 0.00957 0.0046 -99.0 0.00482 -99.0 0.00349 0.03148 0.00534 0.00553 0.00551 0.00455 0.00383 0.00332 0.00299 0.00577 0.00404 0.28 2 31627 34.428878 -5.262689 -99.0 7.3 7.249 7.24 7.237 2 0.0 4409 3 0.11940685873913702 -1.9725449731211928 0.19351549352020825 -1.211131697005225 -0.5296057532664811 28.35892542280937 28.069408961271392 28.272730750747858 28.11269986001895 27.89779196112909 26.316239567637062 26.837408896946613 KOV24 True
j021756.06m051008.16 4 22091 34.48359 -5.16893 glazebrook-v3_prism-clear_2565_31959.spec.fits glazebrook-v3 31959 0 "" 3 3.4674 3.467 "Redshifts match v2 grade=3" - 0 3.98 0.6 5.29 "" 36.1 31.5 42.39 42.5 "" "" "" "FITS   zfit   spl" "" "" 83282 34.483584 -5.168945 7197.694 19841.223 396.0 0.99 2.0 3.366 0.33207 0.00451 3.735955 0.084891 75.57301 29.887642 0.00736 0.06065 0.0 0.05855 0.0 0.06731 0.09631 0.08122 0.07201 0.07248 0.08101 0.12002 0.23455 0.29089 0.40612 0.51175 0.01595 0.00695 -99.0 0.00801 -99.0 0.00451 0.0258 0.00508 0.00766 0.00743 0.00621 0.00529 0.0046 0.0044 0.00755 0.00529 0.33 10202 83282 34.483584 -5.168945 3.467 3.467 3.467 3.467 3.467 10202 0.0 845 4 0.05812721461286291 -1.6063619002902125 0.43633349313093106 1.2576914416491909 0.9354372807681807 26.749454538328106 26.6286534195701 26.201865943924805 25.474411406792054 25.240678020872274 24.87836405621975 24.62735537166364 KOV24 True
j021730.27m051837.32 2 22158 34.37614 -5.310366 rubies-uds42-nod-v3_prism-clear_4233_7111.spec.fits rubies-uds42-nod-v3 7111 0 "" 3 6.7825 6.7825 "Redshift matches rubies-uds42-v3_g395m-f290lp_4233_807469 z=6.7765" "DKo24  z=N/A" 1 1.52 0.6 5.29 -0.1 33.9 "" 42.94 42.7 "" "" "" "FITS   zfit   spl" "" "" 5537 34.376134 -5.310378 20039.377 2870.466 310.0 0.91 3.0 5.415 0.26547 0.01091 4.089915 0.209346 46.907625 32.719322 0.0 0.0 0.0 0.0 0.0 0.0 0.0 0.0 -0.02083 0.00559 0.02968 0.0398 0.06188 0.17884 0.28063 0.27287 -99.0 -99.0 -99.0 -99.0 -99.0 -99.0 -99.0 -99.0 0.01085 0.01108 0.00959 0.00792 0.00697 0.00685 0.01181 0.00881 0.33 308 5537 34.376134 -5.310378 -99.0 8.025 7.023 7.498 7.498 308 0.0 4574 2 0.04825767925892629 -0.7987319405172252 0.45911590703952854 0.662294333668614 0.18520250978897784 29.531470480283943 27.718840258482526 27.40029231981578 26.921124237431673 25.768838347010014 25.279664759338054 25.310110522776906 Both False
j021719.28m051652.48 2 22164 34.330322 -5.281244 rubies-uds42-nod-v3_prism-clear_4233_23219.spec.fits rubies-uds42-nod-v3 23219 0 "" 3 8.5611 8.561 "Redshift matches rubies-uds42-v3_prism-clear_4233_23219 z=8.5609" "DKo24  z=N/A" 1 0.93 0.6 5.29 -1.0 "" "" "" 42.64 "" "" "" "FITS   zfit   spl" "" "" 21327 34.330301 -5.281233 25516.025 6367.737 101.0 0.97 0.0 2.794 0.04831 0.0024 2.334553 0.092739 8.293423 18.676428 -0.00621 -0.00209 0.0 0.00293 0.0 0.0 0.0 0.0 -0.00145 0.01039 0.0231 0.02228 0.02382 0.0291 0.0488 0.09633 0.00985 0.00583 -99.0 0.00239 -99.0 -99.0 -99.0 -99.0 0.00354 0.00395 0.00312 0.00262 0.00208 0.00188 0.00331 0.00285 0.28 5 21327 34.330301 -5.281233 -99.0 9.95 10.74 9.969 9.969 5 0.0 4519 3 0.0850593813381482 -1.9465609442088625 1.8738791602864837 -1.2020643371115753 -0.17104762930637096 28.858461131107056 27.990970050269638 28.03021203374577 27.957645607133102 27.74026752753523 27.178950444993223 26.440596099284587 KOV24 True
j021727.25m051538.82 2 22167 34.363558 -5.260782 rubies-uds42-nod-v3_prism-clear_4233_35747.spec.fits rubies-uds42-nod-v3 35747 0 "" 3 5.528 5.5279 "Redshift matches rubies-uds42-v3_prism-clear_4233_35747 z=5.5278" "DKo24  z=N/A" 1 0.84 1.6 5.29 "" 22.3 "" 42.28 42.15 "" "" "" "FITS   zfit   spl" "" "" 32673 34.363538 -5.260793 21544.537 8820.722 79.0 0.95 0.0 3.134 0.05948 0.00556 2.14753 0.127328 6.781066 17.180243 -0.01593 0.00229 0.0 0.00509 0.0 -0.00356 -0.00417 0.00864 0.01596 0.01322 0.0146 0.01513 0.01661 0.05331 0.1138 0.09504 0.01139 0.00557 -99.0 0.00293 -99.0 0.01276 0.01885 0.01138 0.0094 0.0089 0.00749 0.00654 0.00492 0.00506 0.00929 0.00669 0.28 2 32673 34.363538 -5.260793 -99.0 7.5 7.476 5.44 5.441 2 0.0 4549 3 0.08190591352555565 -2.01621220089516 0.4691511027628443 0.9085746863488567 0.3894018017448186 28.596921362125947 28.489117860538904 28.45040267994203 28.349075918871513 27.08297829368759 26.25964434485237 26.4552339309072 KOV24 True
j021706.19m051535.82 5 22171 34.275785 -5.259954 gto-wide-uds14-v3_prism-clear_1215_1599.spec.fits gto-wide-uds14-v3 1599 2 "G235H   G395H" 3 3.1855 3.187 "" - 0 8.89 0.6 5.29 "" 24.1 3.8 42.03 41.38 "" "" "" "FITS   zfit   spl" "" "" 32420 34.275763 -5.259926 32033.166 8923.968 1583.0 0.03 2.0 9.013 1.39808 0.0105 11.715384 0.573074 63.927677 93.723076 0.02541 0.00891 0.0 0.01366 0.0 0.13794 0.21195 0.16794 0.02117 0.16282 0.1724 0.0 1.00683 1.32095 1.77226 2.05075 0.03494 0.01798 -99.0 0.01809 -99.0 0.0295 0.0644 0.02845 0.0389 0.03685 0.0298 -99.0 0.01441 0.01401 0.02413 0.01664 0.33 312 32420 34.275763 -5.259926 -99.0 1.6 3.576 3.565 3.565 312 0.0 1395 6 0.1279865755979709 -1.2467169209839002 0.7264933194883428 -0.3761718896823099 -0.2114934443556774 25.87073062398328 25.808656846278264 nan 23.892609631199264 23.597784051980067 23.278681411141946 23.120218199442476 KOV24 False
